1 3
2 421
3 2577
4 1631
5 2392
6 937
7 2242
8 2725
9 2420
10 706
11 1779
12 555
13 443
14 2932
15 1599
16 3827
17 2078
18 2212
19 2844
20 248
21 1292
22 2495
23 1089
24 891
25 842
26 3895
27 2038
28 3207
29 2459
30 1687
31 755
32 2624
33 1975
34 3479
35 947
36 2681
37 1161
38 1501
39 3124
40 4093
41 3100
42 2854
43 2715
44 1081
45 1708
46 831
47 3924
48 2122
49 2322
50 3045
51 3013
52 305
53 3887
54 2811
55 2343
56 913
57 705
58 588
59 647
60 1459
61 3211
62 2621
63 61
64 1206
65 2002
66 1562
67 233
68 565
69 3087
70 617
71 1646
72 2654
73 3568
74 3796
75 1603
76 2484
77 5
78 1393
79 2347
80 294
81 2112
82 3052
83 881
84 2758
85 415
86 4092
87 1283
88 1256
89 57
90 3258
91 2721
92 1160
93 2183
94 1711
95 1777
96 3829
97 2410
98 3223
99 967
100 2695
101 905
102 2570
103 1083
104 3962
105 2281
106 159
107 296
108 1040
109 3054
110 2626
111 240
112 3882
113 2728
114 1352
115 108
116 796
117 1884
118 528
119 1377
120 1010
121 1734
122 2344
123 3705
124 817
125 691
126 3548
127 2971
128 841
129 3267
130 2224
131 3449
132 2916
133 2464
134 3235
135 4006
136 1095
137 2619
138 2290
139 3415
140 1414
141 78
142 3943
143 2790
144 1580
145 1037
146 695
147 123
148 1853
149 1386
150 3670
151 2535
152 260
153 3375
154 3527
155 3104
156 1655
157 2456
158 4075
159 22
160 3984
161 1117
162 3777
163 2507
164 3563
165 1970
166 1825
167 880
168 2047
169 3134
170 3251
171 609
172 2947
173 1378
174 179
175 808
176 139
177 1338
178 2463
179 2595
180 1316
181 93
182 1204
183 3600
184 3869
185 3710
186 3067
187 1743
188 1439
189 3946
190 3790
191 3110
192 3519
193 2827
194 2265
195 32
196 2560
197 1541
198 2493
199 3678
200 392
201 3392
202 960
203 3570
204 1768
205 1662
206 812
207 134
208 160
209 2127
210 2617
211 253
212 3330
213 2944
214 1091
215 286
216 1460
217 363
218 191
219 1564
220 2751
221 3105
222 2888
223 2333
224 3496
225 2184
226 3292
227 923
228 1658
229 963
230 2584
231 2469
232 499
233 3714
234 2996
235 3828
236 1738
237 3021
238 2676
239 2829
240 692
241 2961
242 3769
243 2152
244 2260
245 36
246 431
247 997
248 3318
249 2231
250 1405
251 2525
252 3154
253 3062
254 3488
255 1642
256 1434
257 488
258 289
259 1932
260 105
261 3285
262 1664
263 1843
264 2209
265 243
266 576
267 2901
268 3204
269 956
270 1368
271 714
272 199
273 3926
274 4031
275 3528
276 2061
277 1339
278 1957
279 1118
280 304
281 2759
282 3048
283 3669
284 2236
285 1236
286 3784
287 349
288 1479
289 263
290 3249
291 586
292 510
293 109
294 794
295 3407
296 1507
297 3606
298 2877
299 1442
300 2781
301 898
302 1958
303 3085
304 620
305 726
306 4081
307 3667
308 298
309 1925
310 1807
311 1534
312 1612
313 2156
314 1874
315 1309
316 2384
317 1417
318 3178
319 405
320 589
321 237
322 3281
323 2030
324 25
325 75
326 1983
327 3799
328 2320
329 2603
330 428
331 133
332 3980
333 1745
334 1176
335 3619
336 3347
337 677
338 1907
339 2131
340 988
341 1395
342 2536
343 1576
344 1632
345 1721
346 809
347 224
348 884
349 3728
350 4022
351 3203
352 2234
353 354
354 312
355 1079
356 1544
357 195
358 3338
359 3288
360 418
361 2810
362 1485
363 621
364 2153
365 3225
366 1608
367 3547
368 1665
369 3385
370 2693
371 1891
372 1034
373 2917
374 2774
375 666
376 2843
377 3197
378 739
379 3406
380 3517
381 4027
382 1543
383 3934
384 2741
385 3028
386 932
387 3361
388 1084
389 873
390 535
391 1725
392 4056
393 1617
394 1014
395 2653
396 1474
397 2185
398 2713
399 220
400 1516
401 3417
402 3262
403 630
404 3595
405 4001
406 4035
407 3016
408 3931
409 2576
410 413
411 3786
412 1840
413 3846
414 2031
415 3647
416 2488
417 1229
418 3058
419 439
420 2702
421 1147
422 3151
423 2922
424 570
425 282
426 1199
427 1741
428 186
429 661
430 21
431 3514
432 2596
433 3031
434 340
435 2953
436 2462
437 1628
438 2012
439 2819
440 2856
441 974
442 1462
443 2121
444 2312
445 3237
446 2882
447 2529
448 4080
449 173
450 3704
451 1121
452 834
453 3740
454 251
455 2223
456 2674
457 3454
458 2562
459 1517
460 2642
461 3145
462 3482
463 1365
464 1904
465 359
466 526
467 3365
468 2479
469 2838
470 3652
471 1620
472 2084
473 1042
474 2257
475 649
476 2727
477 3090
478 276
479 2370
480 3341
481 948
482 2699
483 4052
484 1426
485 3555
486 1529
487 811
488 3433
489 1170
490 1349
491 3648
492 90
493 1712
494 245
495 2213
496 2502
497 2861
498 1948
499 1496
500 3137
501 222
502 741
503 1125
504 888
505 2550
506 3810
507 2416
508 3360
509 536
510 1753
511 433
512 1885
513 358
514 1974
515 2615
516 1157
517 3685
518 2860
519 2906
520 1265
521 2134
522 2761
523 979
524 3501
525 1119
526 3272
527 3099
528 2006
529 1726
530 2813
531 326
532 3348
533 1423
534 2436
535 954
536 2564
537 2698
538 3813
539 1836
540 1508
541 3969
542 3743
543 1047
544 3244
545 3148
546 1295
547 1895
548 781
549 471
550 2786
551 2197
552 3112
553 3186
554 2962
555 1093
556 512
557 2
558 3529
559 1919
560 386
561 1713
562 103
563 2222
564 3220
565 2094
566 1389
567 732
568 3140
569 3879
570 1830
571 1678
572 3583
573 2301
574 2575
575 2273
576 2188
577 1288
578 1054
579 2381
580 1921
581 70
582 1782
583 432
584 3387
585 1569
586 3901
587 275
588 563
589 1482
590 3857
591 2863
592 4057
593 2033
594 3264
595 2148
596 3321
597 2754
598 3201
599 1605
600 229
601 1520
602 2886
603 2011
604 3821
605 1746
606 1113
607 3133
608 3941
609 2938
610 3589
611 407
612 323
613 3349
614 283
615 1286
616 2437
617 2114
618 3849
619 1695
620 1435
621 1924
622 3218
623 2679
624 2753
625 88
626 731
627 3401
628 3709
629 3668
630 2894
631 20
632 3991
633 2147
634 3289
635 177
636 3432
637 1629
638 2608
639 2722
640 47
641 1959
642 2475
643 1742
644 2807
645 2252
646 1928
647 3503
648 835
649 270
650 357
651 3260
652 3758
653 2832
654 2555
655 1560
656 605
657 752
658 2903
659 4036
660 2380
661 1415
662 3881
663 1006
664 1461
665 1744
666 3480
667 2191
668 2772
669 3293
670 291
671 241
672 2168
673 459
674 1172
675 3185
676 1923
677 1992
678 3408
679 207
680 1213
681 771
682 840
683 596
684 3974
685 1882
686 2649
687 1078
688 2808
689 1109
690 972
691 3746
692 1296
693 4054
694 2752
695 1755
696 3923
697 2192
698 2835
699 1503
700 1956
701 2145
702 3168
703 2915
704 3320
705 2454
706 1345
707 302
708 1166
709 2075
710 1411
711 168
712 3046
713 984
714 2280
715 3871
716 745
717 4034
718 571
719 690
720 3615
721 2193
722 1663
723 2792
724 482
725 3015
726 3274
727 1373
728 522
729 3756
730 2538
731 2597
732 1071
733 2705
734 1547
735 2054
736 3636
737 238
738 2296
739 284
740 175
741 854
742 1484
743 3174
744 3676
745 3353
746 2137
747 2371
748 2505
749 1522
750 1796
751 1862
752 2895
753 2317
754 1336
755 818
756 2593
757 4041
758 550
759 2466
760 1903
761 788
762 2187
763 962
764 3040
765 2942
766 1374
767 3978
768 3300
769 1404
770 749
771 1066
772 202
773 3066
774 1537
775 3883
776 2151
777 1633
778 3947
779 516
780 3382
781 1087
782 1203
783 820
784 3205
785 3593
786 4025
787 40
788 364
789 2978
790 3340
791 1767
792 3726
793 309
794 1968
795 2896
796 3505
797 2482
798 890
799 1515
800 493
801 3935
802 2637
803 3231
804 4051
805 3295
806 3847
807 3677
808 2579
809 1347
810 2358
811 957
812 1686
813 2724
814 3438
815 1568
816 3613
817 3082
818 257
819 371
820 2920
821 1513
822 3007
823 2044
824 648
825 2634
826 602
827 1370
828 3896
829 1943
830 3135
831 167
832 575
833 408
834 733
835 2093
836 3456
837 3661
838 2972
839 3109
840 3229
841 1470
842 2390
843 1293
844 928
845 1787
846 2297
847 3979
848 1694
849 2883
850 1826
851 3050
852 2350
853 467
854 1200
855 1029
856 559
857 163
858 319
859 3531
860 3271
861 2965
862 2664
863 3309
864 3852
865 506
866 1875
867 2400
868 76
869 1425
870 4094
871 3250
872 1912
873 1554
874 3081
875 2379
876 3578
877 3818
878 2496
879 2814
880 3155
881 1683
882 2021
883 1350
884 2659
885 1776
886 438
887 513
888 158
889 3471
890 3897
891 3664
892 1614
893 3865
894 13
895 3749
896 700
897 2434
898 2050
899 113
900 3431
901 4065
902 3405
903 594
904 1135
905 886
906 1182
907 2499
908 3308
909 950
910 2396
911 1243
912 1656
913 3831
914 4089
915 3708
916 2816
917 2238
918 3536
919 3485
920 2172
921 3611
922 1481
923 2074
924 336
925 1413
926 1518
927 3912
928 1447
929 2467
930 2327
931 3069
932 2382
933 1129
934 2116
935 1976
936 836
937 1227
938 785
939 1150
940 87
941 300
942 2630
943 3384
944 608
945 3720
946 2240
947 2055
948 194
949 3608
950 4037
951 2580
952 3855
953 866
954 887
955 3010
956 2981
957 2008
958 3817
959 3234
960 2286
961 2794
962 3900
963 3071
964 3944
965 3987
966 3370
967 2477
968 101
969 2898
970 2340
971 1832
972 4038
973 3550
974 584
975 1966
976 2034
977 342
978 2612
979 1526
980 1784
981 2415
982 1504
983 2374
984 2178
985 3674
986 49
987 2068
988 2948
989 2526
990 1246
991 1291
992 3345
993 4085
994 1589
995 3538
996 3240
997 1475
998 278
999 3564
1000 2203
1001 3766
1002 1780
1003 3815
1004 632
1005 2244
1006 3679
1007 2602
1008 874
1009 3006
1010 184
1011 2032
1012 538
1013 3423
1014 3507
1015 1082
1016 1748
1017 1864
1018 1216
1019 2645
1020 4067
1021 1886
1022 3196
1023 2848
1024 1654
1025 1964
1026 2510
1027 1419
1028 2750
1029 685
1030 929
1031 96
1032 2010
1033 3394
1034 2276
1035 1531
1036 782
1037 43
1038 3426
1039 3633
1040 1763
1041 141
1042 315
1043 2989
1044 2128
1045 753
1046 2821
1047 1465
1048 3697
1049 1561
1050 3265
1051 1343
1052 1444
1053 2874
1054 376
1055 1487
1056 1525
1057 3801
1058 1062
1059 921
1060 1202
1061 1235
1062 3311
1063 94
1064 1980
1065 2014
1066 547
1067 3535
1068 1802
1069 943
1070 971
1071 3425
1072 2588
1073 1305
1074 3649
1075 329
1076 472
1077 849
1078 670
1079 2893
1080 2563
1081 3917
1082 2731
1083 3299
1084 2170
1085 815
1086 145
1087 1905
1088 2430
1089 1233
1090 3493
1091 4004
1092 1985
1093 1538
1094 1684
1095 2292
1096 1387
1097 3950
1098 534
1099 2963
1100 3833
1101 3778
1102 3977
1103 1466
1104 925
1105 3692
1106 2208
1107 2689
1108 1133
1109 1023
1110 2468
1111 3929
1112 626
1113 2509
1114 699
1115 3722
1116 3009
1117 3125
1118 1195
1119 216
1120 3098
1121 1263
1122 1883
1123 1539
1124 3184
1125 2740
1126 3287
1127 273
1128 457
1129 994
1130 2966
1131 1789
1132 1070
1133 2876
1134 99
1135 4070
1136 1322
1137 3907
1138 682
1139 2611
1140 3422
1141 1418
1142 3932
1143 830
1144 3975
1145 1668
1146 3682
1147 2369
1148 3780
1149 2833
1150 1381
1151 1132
1152 1192
1153 4017
1154 2541
1155 3483
1156 3217
1157 1998
1158 2336
1159 1058
1160 1171
1161 4063
1162 3368
1163 3725
1164 389
1165 38
1166 310
1167 2578
1168 1946
1169 3795
1170 1012
1171 1448
1172 1223
1173 166
1174 1294
1175 2394
1176 2080
1177 116
1178 1331
1179 4032
1180 1719
1181 227
1182 2029
1183 1868
1184 901
1185 3327
1186 3418
1187 3025
1188 334
1189 2739
1190 500
1191 2544
1192 765
1193 3363
1194 3706
1195 17
1196 2669
1197 2123
1198 292
1199 2349
1200 2321
1201 1304
1202 426
1203 4045
1204 2205
1205 3752
1206 2831
1207 104
1208 1279
1209 3027
1210 2294
1211 1127
1212 3632
1213 3898
1214 2497
1215 2150
1216 721
1217 3491
1218 1563
1219 3147
1220 1730
1221 465
1222 1077
1223 399
1224 8
1225 1916
1226 1837
1227 2441
1228 2770
1229 3565
1230 2960
1231 3689
1232 3770
1233 3314
1234 3654
1235 635
1236 3359
1237 1179
1238 348
1239 125
1240 683
1241 213
1242 713
1243 182
1244 3141
1245 2177
1246 1055
1247 1542
1248 2732
1249 759
1250 2289
1251 807
1252 3719
1253 2923
1254 2658
1255 3963
1256 64
1257 2411
1258 3094
1259 1379
1260 400
1261 3163
1262 3620
1263 2108
1264 339
1265 2598
1266 189
1267 1112
1268 2897
1269 425
1270 1458
1271 3504
1272 1325
1273 3469
1274 1818
1275 3656
1276 816
1277 1984
1278 1072
1279 2365
1280 3864
1281 2703
1282 3803
1283 4096
1284 2409
1285 2090
1286 3738
1287 3635
1288 3083
1289 2316
1290 1114
1291 1876
1292 1621
1293 1918
1294 1175
1295 2943
1296 658
1297 197
1298 1011
1299 587
1300 1361
1301 1701
1302 3236
1303 1812
1304 3872
1305 3553
1306 958
1307 1739
1308 281
1309 519
1310 2417
1311 2388
1312 3075
1313 2279
1314 1051
1315 2315
1316 2065
1317 2647
1318 3675
1319 2256
1320 2815
1321 3788
1322 3843
1323 128
1324 2359
1325 1855
1326 3233
1327 2136
1328 1690
1329 1553
1330 4078
1331 531
1332 360
1333 3093
1334 2020
1335 2424
1336 1643
1337 1894
1338 317
1339 9
1340 1026
1341 3580
1342 922
1343 1153
1344 4013
1345 3008
1346 1088
1347 1048
1348 2778
1349 404
1350 2323
1351 3791
1352 2682
1353 2129
1354 3727
1355 1593
1356 2227
1357 4044
1358 1911
1359 2448
1360 2936
1361 3369
1362 3452
1363 2554
1364 444
1365 3222
1366 747
1367 498
1368 1151
1369 1259
1370 1406
1371 269
1372 3018
1373 4008
1374 2058
1375 643
1376 410
1377 3579
1378 2360
1379 3779
1380 1716
1381 2160
1382 2428
1383 1285
1384 3856
1385 2926
1386 3169
1387 910
1388 1650
1389 3056
1390 1375
1391 1521
1392 381
1393 254
1394 3346
1395 3754
1396 434
1397 3436
1398 3951
1399 1575
1400 2331
1401 212
1402 663
1403 1497
1404 3588
1405 569
1406 1257
1407 1142
1408 1220
1409 2139
1410 1476
1411 3660
1412 1169
1413 2762
1414 3913
1415 2589
1416 1667
1417 1092
1418 3022
1419 1007
1420 3277
1421 1287
1422 3170
1423 3940
1424 2783
1425 3352
1426 476
1427 6
1428 577
1429 2052
1430 1963
1431 717
1432 1995
1433 2726
1434 297
1435 3800
1436 650
1437 3885
1438 2958
1439 847
1440 2378
1441 102
1442 3060
1443 3192
1444 3853
1445 1274
1446 3268
1447 1880
1448 877
1449 1583
1450 2232
1451 1550
1452 2846
1453 2062
1454 1707
1455 1735
1456 460
1457 4084
1458 743
1459 562
1460 1139
1461 2005
1462 287
1463 234
1464 1762
1465 2399
1466 680
1467 3484
1468 2590
1469 2559
1470 264
1471 45
1472 940
1473 3307
1474 2277
1475 2490
1476 2056
1477 2103
1478 3763
1479 1977
1480 2720
1481 2696
1482 2946
1483 401
1484 2366
1485 1536
1486 1908
1487 1750
1488 2667
1489 2587
1490 1137
1491 1050
1492 1401
1493 1094
1494 2341
1495 619
1496 3371
1497 734
1498 2837
1499 1494
1500 1996
1501 117
1502 332
1503 3063
1504 1201
1505 2200
1506 899
1507 3566
1508 3735
1509 2306
1510 1297
1511 3466
1512 779
1513 3440
1514 1398
1515 2734
1516 4072
1517 217
1518 3842
1519 2809
1520 551
1521 3216
1522 2701
1523 417
1524 961
1525 2225
1526 2763
1527 3004
1528 2107
1529 1258
1530 280
1531 2957
1532 2586
1533 3625
1534 1043
1535 1955
1536 3981
1537 3490
1538 2397
1539 1733
1540 1383
1541 244
1542 1626
1543 198
1544 1064
1545 3467
1546 3823
1547 4061
1548 3753
1549 2470
1550 1823
1551 3127
1552 3523
1553 1428
1554 2313
1555 1159
1556 3696
1557 53
1558 3012
1559 3939
1560 1679
1561 397
1562 2672
1563 623
1564 595
1565 322
1566 3398
1567 1590
1568 1709
1569 83
1570 3816
1571 1186
1572 2847
1573 178
1574 1057
1575 210
1576 657
1577 461
1578 3221
1579 2140
1580 3618
1581 3171
1582 2755
1583 2028
1584 2166
1585 2248
1586 3322
1587 3146
1588 718
1589 3121
1590 896
1591 82
1592 2804
1593 1105
1594 1237
1595 3848
1596 3964
1597 307
1598 688
1599 2334
1600 1647
1601 1275
1602 1076
1603 2485
1604 2719
1605 3380
1606 1427
1607 388
1608 919
1609 618
1610 1877
1611 1491
1612 509
1613 543
1614 1196
1615 829
1616 2418
1617 2104
1618 2572
1619 1856
1620 952
1621 2243
1622 3072
1623 4026
1624 2757
1625 3465
1626 3888
1627 764
1628 2787
1629 3616
1630 1704
1631 2855
1632 1623
1633 1791
1634 3526
1635 4050
1636 267
1637 200
1638 1003
1639 1152
1640 2455
1641 3129
1642 2952
1643 3334
1644 2262
1645 1253
1646 1994
1647 1044
1648 1527
1649 231
1650 2796
1651 491
1652 2974
1653 1327
1654 757
1655 2330
1656 2879
1657 71
1658 2181
1659 2106
1660 346
1661 3358
1662 1302
1663 2465
1664 3516
1665 3747
1666 585
1667 33
1668 2393
1669 3150
1670 2085
1671 1933
1672 2046
1673 1467
1674 3573
1675 1424
1676 1155
1677 989
1678 458
1679 262
1680 1573
1681 3955
1682 2165
1683 1606
1684 633
1685 517
1686 2733
1687 3612
1688 2601
1689 1015
1690 2432
1691 2285
1692 3131
1693 1500
1694 1761
1695 3639
1696 697
1697 3567
1698 959
1699 4058
1700 769
1701 451
1702 91
1703 2375
1704 1714
1705 539
1706 1260
1707 1441
1708 2513
1709 1736
1710 1313
1711 250
1712 1640
1713 120
1714 4015
1715 1834
1716 2873
1717 1168
1718 3476
1719 579
1720 2609
1721 1893
1722 1356
1723 1123
1724 3877
1725 3091
1726 2368
1727 7
1728 2069
1729 2241
1730 3356
1731 327
1732 303
1733 2711
1734 2115
1735 1224
1736 2449
1737 422
1738 2491
1739 450
1740 3176
1741 1999
1742 161
1743 2326
1744 2628
1745 2736
1746 1363
1747 3884
1748 129
1749 1143
1750 3591
1751 665
1752 215
1753 2945
1754 335
1755 1073
1756 1722
1757 784
1758 69
1759 1511
1760 1574
1761 3640
1762 2688
1763 2278
1764 3362
1765 2997
1766 92
1767 3412
1768 4009
1769 889
1770 3552
1771 3691
1772 172
1773 1635
1774 3101
1775 3468
1776 2599
1777 2308
1778 1156
1779 3076
1780 2342
1781 656
1782 1657
1783 1022
1784 2258
1785 2545
1786 477
1787 1786
1788 2573
1789 2631
1790 2803
1791 1808
1792 2087
1793 3227
1794 81
1795 1124
1796 3157
1797 3331
1798 1402
1799 343
1800 3470
1801 1842
1802 1546
1803 3627
1804 23
1805 3894
1806 2438
1807 429
1808 50
1809 1915
1810 727
1811 3276
1812 1270
1813 232
1814 2801
1815 2824
1816 918
1817 1090
1818 514
1819 1330
1820 2955
1821 1581
1822 3351
1823 1205
1824 2098
1825 3587
1826 1164
1827 582
1828 3472
1829 646
1830 833
1831 2401
1832 3558
1833 4087
1834 1967
1835 1558
1836 2352
1837 174
1838 3646
1839 3305
1840 2822
1841 1851
1842 41
1843 1355
1844 987
1845 3805
1846 1455
1847 3767
1848 3065
1849 3354
1850 1380
1851 3498
1852 3958
1853 4053
1854 933
1855 3139
1856 3273
1857 3998
1858 2261
1859 2940
1860 2295
1861 1696
1862 640
1863 3737
1864 3598
1865 3916
1866 1214
1867 366
1868 604
1869 2859
1870 140
1871 2710
1872 3115
1873 975
1874 3518
1875 2433
1876 2461
1877 28
1878 667
1879 2498
1880 4023
1881 3336
1882 868
1883 1471
1884 2530
1885 637
1886 466
1887 3029
1888 787
1889 3247
1890 106
1891 2749
1892 258
1893 3396
1894 1922
1895 3659
1896 2636
1897 2789
1898 2059
1899 164
1900 1611
1901 2905
1902 2259
1903 3870
1904 190
1905 976
1906 127
1907 1703
1908 3721
1909 3542
1910 2235
1911 1528
1912 1184
1913 3290
1914 4010
1915 1991
1916 1004
1917 1131
1918 1870
1919 1821
1920 774
1921 2764
1922 3592
1923 2443
1924 3430
1925 3458
1926 2421
1927 530
1928 900
1929 2351
1930 1674
1931 4055
1932 2310
1933 2723
1934 573
1935 100
1936 2845
1937 2542
1938 3011
1939 1887
1940 2574
1941 1699
1942 1798
1943 673
1944 2779
1945 1245
1946 1493
1947 2956
1948 1187
1949 314
1950 1211
1951 462
1952 2383
1953 518
1954 1334
1955 1636
1956 3297
1957 2079
1958 3404
1959 2263
1960 2610
1961 3811
1962 406
1963 3366
1964 2820
1965 2999
1966 3183
1967 365
1968 981
1969 2552
1970 218
1971 3983
1972 3683
1973 1898
1974 1061
1975 2304
1976 1729
1977 4007
1978 183
1979 475
1980 2767
1981 2675
1982 1669
1983 3039
1984 2650
1985 1530
1986 3061
1987 2939
1988 568
1989 338
1990 1394
1991 786
1992 3952
1993 3772
1994 2376
1995 2618
1996 3437
1997 828
1998 2190
1999 636
2000 860
2001 1797
2002 3310
2003 2528
2004 1670
2005 2253
2006 3200
2007 1217
2008 4020
2009 1317
2010 1173
2011 132
2012 1848
2013 973
2014 265
2015 3162
2016 2453
2017 324
2018 2367
2019 3534
2020 3457
2021 1041
2022 678
2023 3651
2024 3782
2025 3607
2026 3034
2027 917
2028 2665
2029 3402
2030 205
2031 4003
2032 2272
2033 2023
2034 3213
2035 1936
2036 2247
2037 2553
2038 1758
2039 1705
2040 384
2041 51
2042 256
2043 3301
2044 746
2045 574
2046 3259
2047 1268
2048 1335
2049 420
2050 452
2051 2387
2052 511
2053 1879
2054 2215
2055 2678
2056 1630
2057 2990
2058 850
2059 3838
2060 3757
2061 95
2062 3020
2063 1362
2064 3439
2065 1596
2066 2717
2067 3078
2068 2043
2069 3945
2070 3922
2071 1813
2072 395
2073 926
2074 3797
2075 3103
2076 789
2077 1989
2078 2812
2079 311
2080 1661
2081 3745
2082 654
2083 480
2084 2992
2085 3386
2086 1314
2087 2324
2088 3442
2089 79
2090 118
2091 2302
2092 1627
2093 2613
2094 4059
2095 892
2096 1371
2097 37
2098 3317
2099 1706
2100 4029
2101 4083
2102 1341
2103 398
2104 2773
2105 1191
2106 1154
2107 3132
2108 1659
2109 2064
2110 1277
2111 503
2112 3671
2113 3928
2114 2841
2115 711
2116 2646
2117 3822
2118 1241
2119 2900
2120 1103
2121 1049
2122 3388
2123 211
2124 1524
2125 3886
2126 288
2127 1913
2128 953
2129 909
2130 2175
2131 1440
2132 1972
2133 1579
2134 3074
2135 2839
2136 558
2137 2154
2138 2077
2139 3840
2140 3990
2141 2494
2142 803
2143 3688
2144 3723
2145 4074
2146 3195
2147 2614
2148 1357
2149 1997
2150 2126
2151 3948
2152 2756
2153 2348
2154 3755
2155 1468
2156 3381
2157 3283
2158 839
2159 1666
2160 170
2161 1889
2162 1506
2163 791
2164 226
2165 3486
2166 3057
2167 2707
2168 1737
2169 306
2170 2644
2171 698
2172 3793
2173 3117
2174 3182
2175 2113
2176 1074
2177 3638
2178 1572
2179 481
2180 46
2181 2182
2182 2988
2183 1115
2184 613
2185 1212
2186 84
2187 3876
2188 1149
2189 3391
2190 1412
2191 1854
2192 737
2193 3481
2194 3582
2195 2339
2196 1318
2197 1799
2198 3202
2199 3662
2200 1899
2201 3765
2202 1757
2203 4079
2204 321
2205 3731
2206 1732
2207 1488
2208 3989
2209 1281
2210 2024
2211 3834
2212 119
2213 470
2214 3136
2215 772
2216 1390
2217 2504
2218 1225
2219 380
2220 2097
2221 3701
2222 885
2223 29
2224 148
2225 3584
2226 1167
2227 2557
2228 3424
2229 3775
2230 3614
2231 3379
2232 3296
2233 2656
2234 1634
2235 819
2236 1718
2237 2422
2238 2684
2239 3095
2240 3049
2241 502
2242 3152
2243 3266
2244 383
2245 3806
2246 638
2247 3324
2248 2924
2249 941
2250 2124
2251 3596
2252 878
2253 1178
2254 1697
2255 2663
2256 3893
2257 299
2258 150
2259 533
2260 427
2261 1267
2262 1065
2263 2800
2264 985
2265 3741
2266 1951
2267 277
2268 2214
2269 4049
2270 3845
2271 48
2272 3653
2273 1990
2274 3681
2275 468
2276 615
2277 3585
2278 2025
2279 3343
2280 2167
2281 3284
2282 3232
2283 1234
2284 3173
2285 1486
2286 2067
2287 490
2288 77
2289 3427
2290 3906
2291 1941
2292 11
2293 3473
2294 2534
2295 3209
2296 1685
2297 1770
2298 1831
2299 3837
2300 1548
2301 1391
2302 2881
2303 722
2304 2335
2305 4095
2306 2662
2307 3760
2308 453
2309 3733
2310 143
2311 3554
2312 1240
2313 2909
2314 492
2315 208
2316 39
2317 362
2318 2714
2319 2849
2320 580
2321 2585
2322 165
2323 1613
2324 930
2325 2487
2326 1372
2327 1130
2328 2100
2329 3326
2330 3634
2331 679
2332 3972
2333 763
2334 793
2335 2066
2336 2202
2337 1431
2338 2661
2339 30
2340 2013
2341 3830
2342 966
2343 3860
2344 1261
2345 3411
2346 3524
2347 622
2348 2142
2349 2099
2350 4005
2351 1454
2352 1829
2353 3102
2354 3032
2355 2403
2356 1585
2357 1728
2358 3463
2359 3001
2360 2910
2361 3750
2362 758
2363 546
2364 3316
2365 3374
2366 1681
2367 1638
2368 2042
2369 855
2370 2345
2371 1025
2372 1910
2373 1937
2374 942
2375 2652
2376 1841
2377 214
2378 187
2379 1
2380 2532
2381 2925
2382 345
2383 126
2384 642
2385 2600
2386 3642
2387 65
2388 824
2389 2500
2390 2082
2391 1063
2392 1250
2393 2793
2394 3487
2395 3781
2396 1622
2397 416
2398 1747
2399 3252
2400 2389
2401 3971
2402 3428
2403 1866
2404 3850
2405 883
2406 272
2407 3329
2408 3908
2409 2314
2410 2229
2411 1775
2412 553
2413 1163
2414 762
2415 825
2416 135
2417 2251
2418 3041
2419 1571
2420 2149
2421 3119
2422 1403
2423 1075
2424 1677
2425 3248
2426 3804
2427 219
2428 2566
2429 1710
2430 3586
2431 3499
2432 2051
2433 483
2434 1939
2435 156
2436 1144
2437 1639
2438 634
2439 2591
2440 2836
2441 3999
2442 2458
2443 1433
2444 810
2445 1492
2446 1086
2447 2120
2448 2230
2449 1672
2450 1333
2451 3364
2452 838
2453 3657
2454 3206
2455 1230
2456 2902
2457 2512
2458 1819
2459 3180
2460 659
2461 4077
2462 2057
2463 63
2464 524
2465 1376
2466 3703
2467 2163
2468 2460
2469 2561
2470 454
2471 3559
2472 2655
2473 2986
2474 1198
2475 2718
2476 1971
2477 1477
2478 728
2479 2036
2480 3819
2481 3120
2482 1584
2483 1002
2484 249
2485 3409
2486 3624
2487 2685
2488 3684
2489 1723
2490 3286
2491 2089
2492 606
2493 2337
2494 4014
2495 328
2496 223
2497 628
2498 27
2499 3993
2500 369
2501 2730
2502 2625
2503 2413
2504 3854
2505 3107
2506 893
2507 766
2508 1364
2509 2594
2510 3909
2511 2452
2512 4091
2513 2782
2514 2868
2515 3475
2516 3556
2517 1450
2518 2993
2519 3447
2520 56
2521 394
2522 2088
2523 3715
2524 3215
2525 4016
2526 590
2527 3280
2528 2834
2529 1953
2530 2386
2531 2026
2532 1505
2533 1080
2534 674
2535 3761
2536 715
2537 2328
2538 915
2539 2907
2540 2274
2541 2060
2542 3575
2543 3453
2544 3376
2545 1382
2546 2933
2547 843
2548 2250
2549 192
2550 3506
2551 2138
2552 412
2553 2519
2554 2565
2555 3858
2556 797
2557 1969
2558 2875
2559 122
2560 1407
2561 1597
2562 1035
2563 3936
2564 497
2565 2206
2566 3968
2567 3560
2568 707
2569 261
2570 1463
2571 3059
2572 1085
2573 3783
2574 1557
2575 4043
2576 176
2577 3724
2578 26
2579 2700
2580 2268
2581 3873
2582 2977
2583 396
2584 3298
2585 3835
2586 2425
2587 3474
2588 66
2589 2363
2590 3808
2591 527
2592 2606
2593 2795
2594 1452
2595 1675
2596 1847
2597 1929
2598 3920
2599 1892
2600 4048
2601 2842
2602 2640
2603 2402
2604 1100
2605 1273
2606 3445
2607 2908
2608 908
2609 409
2610 2125
2611 870
2612 353
2613 308
2614 2095
2615 3190
2616 442
2617 1595
2618 2444
2619 3114
2620 2885
2621 599
2622 999
2623 374
2624 2976
2625 1693
2626 1106
2627 3744
2628 1039
2629 2196
2630 1978
2631 701
2632 1300
2633 955
2634 2405
2635 2769
2636 1409
2637 2275
2638 3841
2639 1938
2640 2864
2641 67
2642 2472
2643 3965
2644 1242
2645 1900
2646 206
2647 3187
2648 1162
2649 3700
2650 802
2651 748
2652 3915
2653 1532
2654 2003
2655 1499
2656 3166
2657 2967
2658 2211
2659 2549
2660 1183
2661 2771
2662 16
2663 368
2664 402
2665 856
2666 1901
2667 4021
2668 236
2669 2447
2670 2179
2671 2377
2672 2729
2673 601
2674 3312
2675 1310
2676 968
2677 1399
2678 1017
2679 112
2680 3477
2681 2802
2682 1849
2683 3253
2684 3957
2685 725
2686 2858
2687 3666
2688 3875
2689 1577
2690 2355
2691 2694
2692 2998
2693 3509
2694 1262
2695 869
2696 1816
2697 3698
2698 2539
2699 19
2700 2929
2701 3282
2702 1432
2703 3609
2704 131
2705 3544
2706 2110
2707 423
2708 2423
2709 2489
2710 2210
2711 4033
2712 1927
2713 1410
2714 2391
2715 3512
2716 1346
2717 1618
2718 712
2719 259
2720 2817
2721 1369
2722 1771
2723 1046
2724 479
2725 1691
2726 2851
2727 1449
2728 3130
2729 2019
2730 1556
2731 651
2732 3551
2733 228
2734 4090
2735 1838
2736 301
2737 2072
2738 3866
2739 2174
2740 730
2741 2221
2742 1940
2743 944
2744 4011
2745 708
2746 1332
2747 144
2748 583
2749 266
2750 2975
2751 89
2752 2457
2753 2414
2754 2372
2755 62
2756 181
2757 3053
2758 3623
2759 2865
2760 882
2761 3927
2762 1871
2763 1158
2764 1676
2765 996
2766 2220
2767 946
2768 844
2769 2657
2770 969
2771 1438
2772 2914
2773 2840
2774 1319
2775 2307
2776 2568
2777 3658
2778 744
2779 3500
2780 2871
2781 1731
2782 800
2783 255
2784 1248
2785 2632
2786 3097
2787 1013
2788 4076
2789 4024
2790 2001
2791 2481
2792 3942
2793 1820
2794 879
2795 2941
2796 1602
2797 2712
2798 1138
2799 668
2800 2690
2801 86
2802 1934
2803 111
2804 1056
2805 3602
2806 2823
2807 1774
2808 1700
2809 2911
2810 1110
2811 694
2812 449
2813 4018
2814 414
2815 1861
2816 1208
2817 484
2818 977
2819 2041
2820 1021
2821 1565
2822 4042
2823 2785
2824 544
2825 72
2826 3043
2827 523
2828 1815
2829 2228
2830 97
2831 760
2832 3257
2833 2473
2834 3002
2835 1949
2836 1591
2837 1765
2838 2288
2839 3862
2840 230
2841 1238
2842 3774
2843 704
2844 2540
2845 1146
2846 614
2847 2737
2848 204
2849 3142
2850 3459
2851 1397
2852 2035
2853 2928
2854 3541
2855 3413
2856 3626
2857 738
2858 3304
2859 1814
2860 2164
2861 846
2862 4062
2863 1249
2864 1863
2865 3702
2866 1308
2867 142
2868 1126
2869 652
2870 3961
2871 603
2872 3576
2873 2853
2874 325
2875 3254
2876 3680
2877 1781
2878 1180
2879 2878
2880 3530
2881 2332
2882 2798
2883 567
2884 2076
2885 1962
2886 2973
2887 529
2888 992
2889 832
2890 1098
2891 221
2892 1231
2893 2101
2894 3954
2895 1367
2896 945
2897 1512
2898 34
2899 2934
2900 1727
2901 3826
2902 3904
2903 3762
2904 610
2905 1315
2906 556
2907 1421
2908 356
2909 2143
2910 1469
2911 73
2912 3450
2913 293
2914 3629
2915 3938
2916 1005
2917 761
2918 1844
2919 3515
2920 2022
2921 2514
2922 2581
2923 1756
2924 1244
2925 3160
2926 4028
2927 1607
2928 2930
2929 235
2930 1582
2931 436
2932 662
2933 3839
2934 1648
2935 2180
2936 3644
2937 3878
2938 377
2939 813
2940 980
2941 3393
2942 331
2943 1108
2944 1987
2945 897
2946 3759
2947 3055
2948 3337
2949 1559
2950 2548
2951 2226
2952 2523
2953 545
2954 3569
2955 3033
2956 3959
2957 2987
2958 1489
2959 3367
2960 778
2961 2063
2962 1252
2963 14
2964 1510
2965 2735
2966 3637
2967 4030
2968 2159
2969 1793
2970 271
2971 3695
2972 1392
2973 196
2974 372
2975 3199
2976 3880
2977 3339
2978 1188
2979 1752
2980 469
2981 2547
2982 895
2983 1348
2984 393
2985 4068
2986 2004
2987 3844
2988 3294
2989 1031
2990 1792
2991 4019
2992 1724
2993 285
2994 2049
2995 965
2996 446
2997 822
2998 3605
2999 2890
3000 1097
3001 540
3002 2141
3003 639
3004 1594
3005 3446
3006 2515
3007 3198
3008 2092
3009 3874
3010 54
3011 2912
3012 1266
3013 2239
3014 2407
3015 3038
3016 4
3017 1514
3018 2983
3019 3175
3020 3785
3021 3421
3022 3581
3023 592
3024 520
3025 3389
3026 863
3027 3994
3028 2884
3029 1069
3030 681
3031 2687
3032 3208
3033 203
3034 3489
3035 2825
3036 1867
3037 2204
3038 2556
3039 2007
3040 1973
3041 1604
3042 2954
3043 3302
3044 1827
3045 3643
3046 3111
3047 3350
3048 130
3049 991
3050 1096
3051 2592
3052 2899
3053 675
3054 341
3055 916
3056 3070
3057 2518
3058 2117
3059 1760
3060 1323
3061 169
3062 1931
3063 3985
3064 1483
3065 852
3066 3315
3067 1533
3068 720
3069 3748
3070 3787
3071 3279
3072 391
3073 3510
3074 147
3075 827
3076 1890
3077 3889
3078 3399
3079 3549
3080 2516
3081 2189
3082 1965
3083 750
3084 3851
3085 3631
3086 1366
3087 696
3088 1803
3089 3143
3090 3238
3091 2133
3092 3460
3093 3956
3094 1197
3095 549
3096 1824
3097 239
3098 2255
3099 3122
3100 1914
3101 837
3102 3037
3103 2171
3104 478
3105 3532
3106 1218
3107 2431
3108 1944
3109 3084
3110 3910
3111 3992
3112 1165
3113 2748
3114 2620
3115 137
3116 1344
3117 655
3118 3243
3119 12
3120 2818
3121 3716
3122 3429
3123 2219
3124 1653
3125 3333
3126 552
3127 445
3128 3035
3129 3825
3130 876
3131 2284
3132 3892
3133 4039
3134 3188
3135 320
3136 2361
3137 790
3138 3861
3139 3513
3140 3455
3141 2970
3142 1717
3143 2666
3144 3275
3145 2476
3146 1805
3147 1835
3148 387
3149 2706
3150 693
3151 2233
3152 2508
3153 501
3154 754
3155 3717
3156 1692
3157 1301
3158 3836
3159 35
3160 2776
3161 3328
3162 1384
3163 1952
3164 3502
3165 3768
3166 1502
3167 2282
3168 3663
3169 2623
3170 1140
3171 1228
3172 3177
3173 1036
3174 2670
3175 3153
3176 2474
3177 3729
3178 2356
3179 3976
3180 2086
3181 3092
3182 1865
3183 936
3184 2435
3185 3461
3186 2765
3187 2531
3188 3814
3189 52
3190 1272
3191 3263
3192 4082
3193 367
3194 845
3195 1145
3196 904
3197 456
3198 2492
3199 3494
3200 3051
3201 1637
3202 1351
3203 1860
3204 3005
3205 3687
3206 521
3207 1896
3208 3116
3209 4002
3210 1107
3211 2950
3212 4040
3213 2445
3214 2704
3215 709
3216 1141
3217 1509
3218 107
3219 3597
3220 1396
3221 2073
3222 3278
3223 330
3224 1019
3225 2622
3226 3017
3227 1209
3228 2298
3229 2743
3230 2118
3231 246
3232 3161
3233 3462
3234 3918
3235 3868
3236 1592
3237 2799
3238 1740
3239 2353
3240 1810
3241 1688
3242 3255
3243 1917
3244 59
3245 1858
3246 719
3247 865
3248 2480
3249 2527
3250 1254
3251 2651
3252 993
3253 3520
3254 1988
3255 3159
3256 1446
3257 209
3258 3802
3259 2830
3260 525
3261 653
3262 2287
3263 2605
3264 3042
3265 3270
3266 804
3267 2691
3268 3344
3269 1282
3270 2309
3271 4047
3272 3064
3273 2745
3274 2994
3275 1906
3276 560
3277 1682
3278 2419
3279 1570
3280 1817
3281 3789
3282 591
3283 2111
3284 3224
3285 2246
3286 1979
3287 2567
3288 1420
3289 3650
3290 1859
3291 3686
3292 3867
3293 1930
3294 3996
3295 4071
3296 3967
3297 485
3298 805
3299 2201
3300 3167
3301 2744
3302 1116
3303 931
3304 3036
3305 385
3306 1645
3307 3077
3308 777
3309 3390
3310 151
3311 3342
3312 3546
3313 2870
3314 2892
3315 2291
3316 361
3317 3863
3318 3604
3319 1549
3320 1878
3321 2558
3322 1480
3323 1981
3324 1194
3325 2985
3326 252
3327 1102
3328 464
3329 1328
3330 1773
3331 411
3332 3690
3333 2582
3334 2144
3335 3210
3336 3995
3337 153
3338 1033
3339 3665
3340 2300
3341 1416
3342 1888
3343 1457
3344 2889
3345 703
3346 3395
3347 756
3348 3925
3349 1555
3350 1177
3351 2738
3352 3601
3353 3355
3354 1806
3355 3123
3356 3522
3357 379
3358 474
3359 1651
3360 3859
3361 2980
3362 861
3363 3628
3364 2406
3365 1289
3366 3899
3367 939
3368 58
3369 907
3370 2633
3371 2478
3372 3219
3373 152
3374 3024
3375 735
3376 3543
3377 1881
3378 2217
3379 247
3380 3443
3381 31
3382 2511
3383 2270
3384 1845
3385 1751
3386 3126
3387 1935
3388 1030
3389 2096
3390 906
3391 672
3392 611
3393 934
3394 823
3395 3397
3396 3089
3397 136
3398 2158
3399 494
3400 1290
3401 3194
3402 1359
3403 2935
3404 3712
3405 1251
3406 566
3407 978
3408 3820
3409 2018
3410 3325
3411 2673
3412 1671
3413 448
3414 1523
3415 1828
3416 780
3417 2135
3418 2635
3419 2583
3420 486
3421 1804
3422 2551
3423 2450
3424 2887
3425 914
3426 1954
3427 1360
3428 561
3429 1324
3430 938
3431 1609
3432 3537
3433 1045
3434 1764
3435 2039
3436 2176
3437 3335
3438 1545
3439 644
3440 2607
3441 3313
3442 2784
3443 1429
3444 689
3445 2546
3446 2083
3447 313
3448 4088
3449 2648
3450 1099
3451 1189
3452 2357
3453 1215
3454 1032
3455 616
3456 3144
3457 2186
3458 1759
3459 2918
3460 1478
3461 1846
3462 2440
3463 3497
3464 2627
3465 1566
3466 2501
3467 355
3468 508
3469 3291
3470 2311
3471 487
3472 964
3473 2105
3474 1601
3475 669
3476 2979
3477 4060
3478 1950
3479 2009
3480 1715
3481 986
3482 537
3483 3645
3484 2680
3485 3973
3486 3521
3487 1578
3488 3603
3489 1902
3490 912
3491 242
3492 872
3493 1059
3494 188
3495 455
3496 295
3497 2385
3498 1337
3499 2157
3500 3073
3501 1857
3502 740
3503 1986
3504 347
3505 776
3506 1027
3507 3707
3508 2070
3509 24
3510 496
3511 1226
3512 2015
3513 3228
3514 598
3515 806
3516 625
3517 1303
3518 3914
3519 1436
3520 121
3521 1680
3522 316
3523 687
3524 4066
3525 3572
3526 1610
3527 1772
3528 1020
3529 157
3530 1255
3531 1586
3532 2852
3533 2362
3534 2338
3535 2777
3536 3807
3537 2931
3538 2305
3539 495
3540 3773
3541 1945
3542 3641
3543 115
3544 2102
3545 1148
3546 795
3547 3261
3548 3181
3549 857
3550 2641
3551 1551
3552 821
3553 564
3554 1783
3555 3108
3556 3960
3557 3562
3558 2521
3559 3332
3560 3068
3561 154
3562 2828
3563 736
3564 1018
3565 2408
3566 373
3567 1464
3568 124
3569 612
3570 1358
3571 1587
3572 1519
3573 1850
3574 3378
3575 848
3576 2638
3577 3246
3578 1385
3579 2173
3580 1909
3581 792
3582 3982
3583 3832
3584 1185
3585 279
3586 2000
3587 1067
3588 440
3589 201
3590 3400
3591 3044
3592 2267
3593 1749
3594 1567
3595 3739
3596 1134
3597 2677
3598 864
3599 1839
3600 3672
3601 3571
3602 1794
3603 1430
3604 2404
3605 548
3606 352
3607 274
3608 2746
3609 3953
3610 3212
3611 607
3612 2318
3613 970
3614 1219
3615 3771
3616 1342
3617 1702
3618 2364
3619 114
3620 1766
3621 723
3622 995
3623 1625
3624 902
3625 3451
3626 1120
3627 2199
3628 2503
3629 2283
3630 3165
3631 3030
3632 1873
3633 3734
3634 333
3635 3617
3636 1299
3637 3986
3638 799
3639 2643
3640 2866
3641 2119
3642 375
3643 3214
3644 1495
3645 2969
3646 1644
3647 3000
3648 1028
3649 74
3650 3189
3651 2483
3652 2216
3653 3574
3654 110
3655 1809
3656 2517
3657 2254
3658 775
3659 3026
3660 1053
3661 3539
3662 2571
3663 1271
3664 2161
3665 858
3666 542
3667 2293
3668 3003
3669 2616
3670 180
3671 2427
3672 2071
3673 155
3674 3128
3675 1616
3676 505
3677 2921
3678 2697
3679 1698
3680 3812
3681 2109
3682 1437
3683 1101
3684 2027
3685 3988
3686 3930
3687 629
3688 3903
3689 1652
3690 801
3691 2520
3692 1001
3693 3410
3694 1052
3695 2768
3696 318
3697 2805
3698 3256
3699 875
3700 55
3701 3193
3702 2237
3703 2198
3704 927
3705 716
3706 3970
3707 3172
3708 489
3709 351
3710 1181
3711 3621
3712 853
3713 1822
3714 3106
3715 3824
3716 3911
3717 1008
3718 3403
3719 268
3720 826
3721 3673
3722 1600
3723 1329
3724 1408
3725 982
3726 2857
3727 1926
3728 2091
3729 382
3730 2245
3731 1284
3732 2543
3733 1307
3734 2132
3735 3890
3736 572
3737 1104
3738 3533
3739 3357
3740 1136
3741 1660
3742 2964
3743 2780
3744 162
3745 2329
3746 990
3747 2569
3748 3023
3749 290
3750 138
3751 2194
3752 3732
3753 1869
3754 2867
3755 532
3756 3699
3757 2446
3758 3191
3759 1190
3760 851
3761 1298
3762 424
3763 3306
3764 3086
3765 370
3766 3630
3767 627
3768 2266
3769 1641
3770 3590
3771 1000
3772 1801
3773 10
3774 2303
3775 2354
3776 924
3777 3156
3778 1754
3779 2442
3780 1947
3781 3047
3782 3441
3783 1598
3784 541
3785 3966
3786 2869
3787 2524
3788 2325
3789 3792
3790 1443
3791 1278
3792 3610
3793 1540
3794 903
3795 2045
3796 664
3797 2692
3798 3478
3799 1400
3800 473
3801 4012
3802 1811
3803 3434
3804 3383
3805 18
3806 1720
3807 4046
3808 2913
3809 1615
3810 983
3811 2169
3812 85
3813 1174
3814 1269
3815 1689
3816 768
3817 1960
3818 3113
3819 2271
3820 710
3821 3158
3822 2629
3823 2951
3824 1785
3825 1920
3826 225
3827 3718
3828 3742
3829 1872
3830 581
3831 3577
3832 2319
3833 1649
3834 2775
3835 2398
3836 2486
3837 185
3838 998
3839 645
3840 767
3841 2991
3842 4073
3843 2346
3844 1490
3845 1800
3846 814
3847 3179
3848 1311
3849 3764
3850 2162
3851 1221
3852 3377
3853 3736
3854 1340
3855 2426
3856 3495
3857 1264
3858 80
3859 686
3860 1445
3861 3088
3862 3794
3863 344
3864 2451
3865 920
3866 403
3867 742
3868 1024
3869 378
3870 1111
3871 3594
3872 641
3873 2708
3874 1498
3875 1993
3876 2048
3877 1552
3878 4064
3879 3019
3880 463
3881 2264
3882 783
3883 1897
3884 3525
3885 1353
3886 149
3887 3622
3888 3241
3889 2506
3890 3080
3891 2146
3892 1068
3893 1624
3894 597
3895 660
3896 1795
3897 1588
3898 3776
3899 44
3900 2949
3901 3949
3902 3713
3903 773
3904 3138
3905 557
3906 1422
3907 724
3908 2984
3909 3561
3910 2037
3911 2668
3912 1388
3913 2760
3914 1769
3915 1247
3916 578
3917 3079
3918 447
3919 1280
3920 631
3921 1222
3922 2207
3923 2788
3924 2016
3925 3937
3926 3230
3927 1312
3928 2412
3929 3269
3930 3014
3931 2053
3932 2249
3933 4069
3934 337
3935 1128
3936 1354
3937 3693
3938 3372
3939 2373
3940 3149
3941 98
3942 2862
3943 3492
3944 390
3945 2533
3946 2439
3947 949
3948 1942
3949 3730
3950 3416
3951 1207
3952 1778
3953 3919
3954 1306
3955 2982
3956 1456
3957 437
3958 2269
3959 3809
3960 671
3961 3751
3962 2639
3963 4000
3964 3545
3965 515
3966 859
3967 702
3968 2130
3969 1060
3970 2716
3971 2218
3972 3711
3973 350
3974 3323
3975 3891
3976 3444
3977 2891
3978 911
3979 3420
3980 1473
3981 3508
3982 3655
3983 146
3984 2671
3985 2806
3986 935
3987 2017
3988 3096
3989 2604
3990 1673
3991 1451
3992 3997
3993 593
3994 871
3995 435
3996 1619
3997 2766
3998 3921
3999 68
4000 3239
4001 2471
4002 2429
4003 3448
4004 171
4005 1472
4006 507
4007 3419
4008 3694
4009 3540
4010 3511
4011 1535
4012 1276
4013 798
4014 1038
4015 1326
4016 2995
4017 2880
4018 867
4019 751
4020 1210
4021 3226
4022 2683
4023 3798
4024 1961
4025 441
4026 1239
4027 3164
4028 193
4029 2522
4030 2937
4031 684
4032 2797
4033 60
4034 1852
4035 729
4036 1788
4037 504
4038 1453
4039 1122
4040 600
4041 770
4042 1320
4043 3319
4044 3242
4045 3902
4046 3933
4047 2040
4048 2959
4049 3599
4050 1982
4051 2686
4052 2850
4053 2537
4054 554
4055 2904
4056 3435
4057 3373
4058 1009
4059 419
4060 4086
4061 2395
4062 2299
4063 2747
4064 862
4065 3118
4066 3414
4067 2155
4068 951
4069 2872
4070 2927
4071 42
4072 3303
4073 2968
4074 1193
4075 3464
4076 2791
4077 3905
4078 2195
4079 1790
4080 894
4081 430
4082 3557
4083 1833
4084 1016
4085 676
4086 2742
4087 3245
4088 2081
4089 1232
4090 2826
4091 1321
4092 624
4093 2709
4094 2919
4095 15
4096 2660
