1 11
2 8123
3 2418
4 4702
5 2112
6 5684
7 6758
8 7009
9 1503
10 7785
11 7277
12 6089
13 6488
14 6132
15 4917
16 4846
17 7418
18 4114
19 3146
20 856
21 2598
22 3090
23 598
24 250
25 5599
26 1851
27 3763
28 5810
29 5964
30 5063
31 5741
32 190
33 1573
34 7853
35 5873
36 138
37 6670
38 7375
39 7923
40 5272
41 6219
42 3694
43 1996
44 2873
45 2919
46 6110
47 7711
48 6065
49 6966
50 2117
51 962
52 7563
53 2367
54 6561
55 2532
56 4218
57 150
58 7194
59 5891
60 2178
61 574
62 5551
63 8051
64 712
65 4029
66 7233
67 443
68 1590
69 4312
70 6662
71 5283
72 6308
73 1342
74 10
75 861
76 6075
77 2999
78 2977
79 7036
80 2370
81 5344
82 5405
83 4901
84 1369
85 7536
86 5050
87 3358
88 6537
89 2749
90 5536
91 7111
92 108
93 7822
94 4136
95 4435
96 73
97 5725
98 554
99 6734
100 2816
101 6861
102 8075
103 2895
104 743
105 708
106 5893
107 3720
108 7744
109 872
110 4956
111 2241
112 4300
113 1829
114 2644
115 4577
116 2942
117 1562
118 4684
119 144
120 1192
121 628
122 1265
123 6353
124 5131
125 7998
126 976
127 3800
128 7881
129 6695
130 432
131 4509
132 4395
133 4152
134 4061
135 4465
136 5023
137 825
138 1244
139 7263
140 3073
141 4669
142 7768
143 7650
144 7611
145 1138
146 2330
147 4769
148 3594
149 2929
150 1079
151 3399
152 3905
153 4879
154 7706
155 3519
156 4023
157 8084
158 4049
159 4501
160 716
161 5292
162 3572
163 5840
164 173
165 48
166 5415
167 7659
168 6552
169 3771
170 7221
171 689
172 348
173 3168
174 4282
175 3276
176 4246
177 7681
178 7181
179 933
180 2577
181 6694
182 4313
183 6095
184 2525
185 3896
186 5573
187 2416
188 7944
189 1882
190 3132
191 5044
192 5453
193 779
194 5216
195 5501
196 6193
197 4967
198 4553
199 424
200 3995
201 5241
202 7163
203 1331
204 4047
205 3217
206 820
207 3035
208 4149
209 3396
210 1537
211 270
212 1299
213 6872
214 6477
215 3917
216 561
217 1416
218 769
219 6013
220 2194
221 5985
222 3321
223 195
224 2638
225 96
226 4747
227 3062
228 4091
229 1796
230 3833
231 3127
232 7880
233 6278
234 3946
235 2722
236 2235
237 7342
238 4259
239 2504
240 449
241 128
242 6669
243 7320
244 6605
245 2393
246 8020
247 3162
248 5701
249 2022
250 954
251 830
252 3592
253 925
254 6963
255 5015
256 567
257 2294
258 8076
259 3693
260 1981
261 6162
262 7639
263 4703
264 204
265 6788
266 770
267 2707
268 7236
269 897
270 1183
271 6364
272 7501
273 3576
274 6052
275 7329
276 6737
277 1158
278 7691
279 4391
280 3375
281 5315
282 2145
283 1551
284 3845
285 6404
286 5825
287 8183
288 5850
289 2336
290 4446
291 3105
292 2901
293 3490
294 4001
295 4084
296 1661
297 3310
298 7660
299 7713
300 2446
301 6205
302 3081
303 3604
304 5703
305 7471
306 6978
307 601
308 4594
309 931
310 2152
311 6732
312 3643
313 5996
314 562
315 1855
316 747
317 3958
318 876
319 7447
320 4877
321 7731
322 8186
323 7198
324 436
325 2440
326 5211
327 3517
328 6044
329 2721
330 2795
331 4830
332 3322
333 7389
334 5761
335 5473
336 5928
337 1211
338 6489
339 3065
340 6904
341 7041
342 4675
343 7788
344 6534
345 3243
346 5789
347 6704
348 2228
349 1787
350 7140
351 6997
352 2464
353 2519
354 1526
355 5259
356 7348
357 4847
358 4455
359 4916
360 2127
361 2191
362 6127
363 5403
364 488
365 999
366 4115
367 7529
368 3575
369 597
370 1917
371 189
372 4955
373 6217
374 2417
375 6742
376 5165
377 7085
378 5547
379 7628
380 1411
381 4694
382 3727
383 957
384 5483
385 5854
386 3148
387 3417
388 3064
389 3636
390 4416
391 7178
392 2973
393 7990
394 7775
395 1904
396 1715
397 5730
398 4078
399 1228
400 5919
401 840
402 7445
403 7582
404 7228
405 4936
406 3853
407 446
408 3815
409 355
410 1013
411 7542
412 1311
413 6495
414 5203
415 4459
416 75
417 8094
418 6135
419 7252
420 2874
421 5933
422 6835
423 4778
424 7647
425 4372
426 663
427 2098
428 8128
429 893
430 1277
431 5828
432 13
433 1722
434 1451
435 367
436 2735
437 800
438 1678
439 1038
440 6003
441 6137
442 2757
443 6077
444 6038
445 699
446 5136
447 720
448 6632
449 3779
450 5498
451 8150
452 6161
453 6769
454 2056
455 7663
456 6705
457 4297
458 364
459 2865
460 6191
461 7295
462 7642
463 3245
464 1837
465 4923
466 6252
467 5631
468 713
469 6330
470 1080
471 1433
472 4858
473 6930
474 2663
475 4816
476 4898
477 1240
478 4369
479 2976
480 4732
481 2617
482 357
483 2731
484 5495
485 7652
486 2180
487 548
488 1296
489 2429
490 5470
491 4171
492 145
493 1609
494 4624
495 857
496 7938
497 2289
498 4515
499 2369
500 1027
501 7177
502 5924
503 224
504 5863
505 2101
506 8168
507 647
508 6832
509 2593
510 1004
511 1370
512 8087
513 463
514 3550
515 442
516 1759
517 5978
518 6466
519 6056
520 7537
521 2897
522 6913
523 7283
524 408
525 3605
526 2776
527 2036
528 7960
529 2813
530 7630
531 1868
532 85
533 507
534 5381
535 1089
536 5275
537 5426
538 5717
539 3309
540 3212
541 3437
542 1045
543 1485
544 1300
545 390
546 4382
547 21
548 7673
549 4789
550 3085
551 7564
552 5674
553 1139
554 2832
555 295
556 577
557 4700
558 662
559 5206
560 271
561 1750
562 7083
563 5546
564 3300
565 4316
566 6608
567 7527
568 6507
569 7653
570 7807
571 8043
572 1797
573 2415
574 1169
575 3729
576 8089
577 2307
578 191
579 2883
580 3068
581 3274
582 3544
583 82
584 5294
585 7164
586 898
587 401
588 3969
589 2622
590 2283
591 6470
592 3442
593 1898
594 6320
595 450
596 1532
597 5650
598 2247
599 2196
600 8065
601 3415
602 5925
603 7962
604 5722
605 4294
606 8153
607 7361
608 3234
609 3956
610 7442
611 6778
612 1057
613 6414
614 7676
615 1458
616 1509
617 3452
618 275
619 4130
620 6744
621 7572
622 7631
623 4871
624 8022
625 971
626 2329
627 2076
628 3167
629 2202
630 5491
631 900
632 1971
633 3020
634 5193
635 1931
636 4361
637 7388
638 3611
639 3750
640 253
641 1832
642 3233
643 1710
644 3340
645 6685
646 7470
647 4226
648 536
649 6850
650 3665
651 5407
652 4636
653 7736
654 563
655 7803
656 1745
657 6053
658 510
659 3716
660 881
661 5702
662 5646
663 1871
664 2619
665 3507
666 5481
667 6368
668 3760
669 7313
670 1409
671 2460
672 8093
673 7453
674 4127
675 7989
676 395
677 7792
678 7074
679 4236
680 4746
681 7636
682 3846
683 6491
684 4356
685 2014
686 1865
687 2496
688 3735
689 2086
690 6002
691 1024
692 262
693 1569
694 1670
695 7038
696 2604
697 6299
698 5698
699 5298
700 3106
701 3617
702 7851
703 3060
704 5188
705 6149
706 1351
707 8162
708 6739
709 3215
710 7629
711 6950
712 1522
713 7973
714 1783
715 421
716 8116
717 3453
718 7459
719 2528
720 5024
721 5565
722 6868
723 3412
724 7828
725 6573
726 7029
727 977
728 6231
729 1897
730 6164
731 4188
732 2260
733 7514
734 4158
735 807
736 1848
737 1294
738 5116
739 700
740 1075
741 6899
742 1120
743 2160
744 386
745 3526
746 7184
747 5951
748 1226
749 5613
750 1157
751 7798
752 4449
753 2134
754 5837
755 6346
756 105
757 413
758 7619
759 5989
760 1963
761 1391
762 3067
763 3257
764 3766
765 4332
766 5214
767 4886
768 5330
769 7374
770 5271
771 3030
772 2864
773 7886
774 4255
775 284
776 851
777 3861
778 4733
779 2984
780 1505
781 2886
782 3089
783 3337
784 3299
785 2516
786 1134
787 4517
788 4479
789 7583
790 7735
791 3156
792 8041
793 1012
794 5234
795 5120
796 1674
797 3407
798 4212
799 4821
800 3951
801 8073
802 1362
803 6935
804 1385
805 4248
806 1831
807 4721
808 7546
809 4346
810 3870
811 632
812 186
813 3261
814 1025
815 6417
816 7077
817 6266
818 5060
819 4119
820 3194
821 6733
822 7525
823 3151
824 3078
825 2433
826 7363
827 7898
828 6383
829 7243
830 1067
831 5125
832 435
833 6956
834 5156
835 4668
836 3110
837 2817
838 346
839 3742
840 3003
841 3606
842 3916
843 4028
844 1830
845 7965
846 2912
847 8095
848 4832
849 7030
850 3373
851 6362
852 6246
853 6451
854 602
855 5417
856 6156
857 6985
858 4467
859 7223
860 4345
861 2681
862 1864
863 821
864 5790
865 4681
866 1166
867 1340
868 7684
869 4772
870 5256
871 6602
872 5028
873 6504
874 1668
875 1408
876 3438
877 7654
878 4040
879 4878
880 1262
881 2833
882 293
883 6750
884 4638
885 1238
886 7917
887 5458
888 7028
889 4405
890 6624
891 176
892 3897
893 3204
894 5431
895 7415
896 1613
897 2266
898 5654
899 8117
900 3933
901 2730
902 1332
903 782
904 6168
905 4080
906 2015
907 5342
908 4848
909 6824
910 3405
911 2080
912 4643
913 4409
914 3479
915 622
916 5969
917 3654
918 4518
919 980
920 892
921 3741
922 2592
923 3158
924 1202
925 2517
926 7091
927 3931
928 3849
929 7872
930 1906
931 2122
932 576
933 753
934 6542
935 3981
936 5437
937 429
938 1653
939 7966
940 3910
941 2274
942 5743
943 6791
944 6722
945 263
946 2340
947 1122
948 3420
949 3541
950 3638
951 2319
952 7472
953 1998
954 1185
955 3936
956 5106
957 6058
958 6665
959 5682
960 1470
961 4055
962 5443
963 1901
964 5707
965 5217
966 7981
967 2767
968 5181
969 6580
970 1297
971 727
972 2419
973 672
974 4267
975 2990
976 3546
977 5351
978 4988
979 4731
980 1094
981 2552
982 1645
983 7152
984 7326
985 5769
986 6039
987 603
988 3290
989 315
990 121
991 7127
992 5302
993 5514
994 4378
995 6240
996 6796
997 3224
998 2315
999 4660
1000 6214
1001 5861
1002 1818
1003 3009
1004 2400
1005 5561
1006 4044
1007 6585
1008 3177
1009 7640
1010 4432
1011 3780
1012 7721
1013 6283
1014 225
1015 8035
1016 7351
1017 2924
1018 3514
1019 7302
1020 6066
1021 5905
1022 1098
1023 5035
1024 2373
1025 2704
1026 4191
1027 2128
1028 5103
1029 7103
1030 7689
1031 781
1032 2321
1033 7909
1034 1308
1035 1850
1036 6000
1037 1533
1038 1693
1039 692
1040 4616
1041 7724
1042 5364
1043 3726
1044 5598
1045 1438
1046 6696
1047 4927
1048 3811
1049 5815
1050 8001
1051 7943
1052 4540
1053 6911
1054 7439
1055 5493
1056 7692
1057 5328
1058 7921
1059 7648
1060 1147
1061 1037
1062 1305
1063 7146
1064 2569
1065 2997
1066 3165
1067 7613
1068 2696
1069 102
1070 324
1071 4584
1072 6797
1073 5250
1074 203
1075 4420
1076 4688
1077 4170
1078 6922
1079 3416
1080 6528
1081 6422
1082 552
1083 7957
1084 6151
1085 7
1086 912
1087 7187
1088 1312
1089 8057
1090 1564
1091 4309
1092 3029
1093 4824
1094 3730
1095 6875
1096 5826
1097 5579
1098 3267
1099 4431
1100 2637
1101 3469
1102 658
1103 7325
1104 167
1105 2210
1106 51
1107 439
1108 6459
1109 6589
1110 609
1111 7371
1112 1921
1113 7235
1114 7147
1115 6229
1116 2072
1117 3778
1118 1766
1119 7797
1120 842
1121 5430
1122 6420
1123 1669
1124 865
1125 7185
1126 2326
1127 8189
1128 2472
1129 164
1130 4682
1131 6858
1132 5121
1133 222
1134 4303
1135 909
1136 2142
1137 3346
1138 8055
1139 3641
1140 1945
1141 5022
1142 4482
1143 2394
1144 2710
1145 6109
1146 3928
1147 3574
1148 6254
1149 7574
1150 4063
1151 4225
1152 991
1153 3838
1154 7526
1155 4508
1156 5416
1157 6201
1158 6982
1159 5278
1160 6379
1161 131
1162 5208
1163 3296
1164 441
1165 7224
1166 5542
1167 6870
1168 2413
1169 794
1170 6532
1171 4813
1172 1784
1173 2177
1174 4146
1175 6291
1176 6236
1177 7782
1178 4244
1179 6572
1180 600
1181 2587
1182 1326
1183 2562
1184 3623
1185 5086
1186 6918
1187 6259
1188 5527
1189 5949
1190 1365
1191 2877
1192 3042
1193 43
1194 5349
1195 2455
1196 3688
1197 7268
1198 2184
1199 5865
1200 3222
1201 283
1202 3908
1203 2812
1204 3797
1205 8152
1206 4397
1207 2390
1208 4951
1209 7400
1210 4064
1211 1844
1212 6125
1213 2130
1214 7370
1215 3882
1216 3495
1217 2054
1218 6924
1219 3538
1220 5993
1221 5068
1222 4245
1223 5440
1224 98
1225 4528
1226 1156
1227 2910
1228 132
1229 1115
1230 4101
1231 7878
1232 2107
1233 5018
1234 59
1235 1285
1236 3338
1237 4891
1238 7060
1239 3094
1240 1767
1241 341
1242 1496
1243 4774
1244 7772
1245 2611
1246 682
1247 6115
1248 6165
1249 6378
1250 7452
1251 4093
1252 292
1253 4277
1254 1576
1255 4985
1256 7705
1257 4914
1258 4423
1259 6603
1260 1721
1261 7941
1262 3301
1263 588
1264 2842
1265 5067
1266 3701
1267 3183
1268 6931
1269 3149
1270 4678
1271 3512
1272 2728
1273 7289
1274 4193
1275 4560
1276 4807
1277 3820
1278 8097
1279 4859
1280 5264
1281 4889
1282 4371
1283 1985
1284 1119
1285 2782
1286 868
1287 6082
1288 4293
1289 3710
1290 2957
1291 7994
1292 6892
1293 1695
1294 3378
1295 5207
1296 5678
1297 2474
1298 1208
1299 4320
1300 7685
1301 5767
1302 934
1303 2889
1304 1394
1305 1642
1306 6576
1307 6500
1308 3648
1309 6187
1310 2679
1311 5632
1312 7306
1313 5460
1314 1145
1315 8173
1316 3350
1317 5438
1318 3690
1319 6307
1320 5240
1321 8002
1322 5016
1323 5675
1324 6223
1325 1802
1326 7733
1327 3798
1328 2736
1329 5192
1330 4377
1331 813
1332 6490
1333 2685
1334 4460
1335 4485
1336 1900
1337 3598
1338 2632
1339 3045
1340 5981
1341 290
1342 4096
1343 5529
1344 1465
1345 7232
1346 729
1347 7280
1348 6952
1349 4811
1350 6820
1351 2558
1352 7547
1353 7750
1354 3731
1355 1869
1356 6047
1357 6416
1358 6329
1359 2339
1360 3587
1361 36
1362 5937
1363 6218
1364 3080
1365 1323
1366 4007
1367 3370
1368 399
1369 8103
1370 707
1371 3816
1372 903
1373 4544
1374 1049
1375 8182
1376 3304
1377 5860
1378 6810
1379 7866
1380 5418
1381 1543
1382 3273
1383 7168
1384 5612
1385 2563
1386 7907
1387 2794
1388 4679
1389 4595
1390 5077
1391 4505
1392 6940
1393 4910
1394 7842
1395 5959
1396 7975
1397 3626
1398 6449
1399 5643
1400 6122
1401 2869
1402 1399
1403 7665
1404 375
1405 7343
1406 3561
1407 2937
1408 7057
1409 6916
1410 3525
1411 1659
1412 3402
1413 8119
1414 287
1415 7226
1416 4559
1417 3218
1418 985
1419 6515
1420 4611
1421 4771
1422 6463
1423 5257
1424 2701
1425 1140
1426 6656
1427 2173
1428 1324
1429 2649
1430 1775
1431 1373
1432 5299
1433 5226
1434 1478
1435 5061
1436 7978
1437 4094
1438 6023
1439 3004
1440 2777
1441 3988
1442 1099
1443 406
1444 5870
1445 5663
1446 378
1447 7290
1448 2551
1449 2965
1450 3875
1451 834
1452 4739
1453 2206
1454 1846
1455 5911
1456 6980
1457 7071
1458 3848
1459 343
1460 7174
1461 7942
1462 6366
1463 1986
1464 2526
1465 5973
1466 3625
1467 4921
1468 1302
1469 2880
1470 1680
1471 7976
1472 4231
1473 162
1474 2748
1475 8105
1476 996
1477 7486
1478 3976
1479 3201
1480 18
1481 891
1482 5836
1483 361
1484 5585
1485 6726
1486 1858
1487 3767
1488 7831
1489 3543
1490 496
1491 6018
1492 4844
1493 1675
1494 6523
1495 5352
1496 2561
1497 4205
1498 3499
1499 1518
1500 8144
1501 4656
1502 1149
1503 714
1504 6651
1505 7316
1506 2211
1507 2001
1508 6845
1509 2995
1510 5175
1511 154
1512 5667
1513 7372
1514 3984
1515 2678
1516 274
1517 814
1518 1962
1519 1781
1520 503
1521 4151
1522 4352
1523 7154
1524 3275
1525 6562
1526 963
1527 2894
1528 6597
1529 5888
1530 115
1531 4790
1532 6042
1533 2461
1534 6350
1535 7500
1536 5138
1537 4261
1538 6848
1539 5622
1540 8039
1541 7915
1542 7584
1543 8086
1544 4599
1545 5855
1546 7048
1547 7873
1548 8010
1549 2575
1550 2630
1551 7624
1552 2744
1553 4222
1554 6312
1555 6025
1556 362
1557 1636
1558 6712
1559 944
1560 5143
1561 5752
1562 1499
1563 3799
1564 3182
1565 1346
1566 3522
1567 1794
1568 2467
1569 6392
1570 2687
1571 1322
1572 6073
1573 456
1574 572
1575 726
1576 4092
1577 4793
1578 1924
1579 482
1580 2217
1581 3674
1582 1425
1583 625
1584 4424
1585 2166
1586 2299
1587 7945
1588 7205
1589 7462
1590 334
1591 6181
1592 1474
1593 2045
1594 1354
1595 3428
1596 6837
1597 199
1598 680
1599 7569
1600 2104
1601 7023
1602 4328
1603 3254
1604 2082
1605 7992
1606 8126
1607 7339
1608 6114
1609 620
1610 1074
1611 5450
1612 2664
1613 2427
1614 2625
1615 5414
1616 4386
1617 4291
1618 6497
1619 426
1620 1559
1621 4506
1622 1359
1623 5169
1624 171
1625 4365
1626 5102
1627 7509
1628 4810
1629 3024
1630 5884
1631 281
1632 2599
1633 118
1634 967
1635 3907
1636 2743
1637 7004
1638 3262
1639 4304
1640 1731
1641 3125
1642 2222
1643 4483
1644 6313
1645 3213
1646 4653
1647 2485
1648 3970
1649 4986
1650 3426
1651 4393
1652 7845
1653 3039
1654 5699
1655 7429
1656 53
1657 1358
1658 2335
1659 3817
1660 3088
1661 5459
1662 1132
1663 6402
1664 6643
1665 2179
1666 5745
1667 7612
1668 6084
1669 2538
1670 2846
1671 7641
1672 7238
1673 6614
1674 7293
1675 2250
1676 1460
1677 4800
1678 1486
1679 1513
1680 5569
1681 2870
1682 7903
1683 5958
1684 5170
1685 2661
1686 7090
1687 6919
1688 6819
1689 3242
1690 5129
1691 5269
1692 7709
1693 2822
1694 7128
1695 5199
1696 5359
1697 1782
1698 1403
1699 4808
1700 828
1701 8016
1702 3909
1703 3077
1704 1283
1705 516
1706 4563
1707 5665
1708 5795
1709 3431
1710 2773
1711 4845
1712 2328
1713 1500
1714 3471
1715 5570
1716 6629
1717 5744
1718 4022
1719 2751
1720 4153
1721 1060
1722 1575
1723 6079
1724 8054
1725 5526
1726 5262
1727 764
1728 3092
1729 469
1730 7971
1731 6302
1732 1479
1733 81
1734 7188
1735 4234
1736 7358
1737 5626
1738 7142
1739 1800
1740 1267
1741 5914
1742 3236
1743 6371
1744 4
1745 6327
1746 7712
1747 5758
1748 7491
1749 3868
1750 4159
1751 4820
1752 5346
1753 5543
1754 4538
1755 942
1756 6526
1757 1972
1758 6751
1759 921
1760 6235
1761 359
1762 3181
1763 1625
1764 5652
1765 3952
1766 696
1767 6331
1768 5851
1769 5149
1770 5389
1771 1593
1772 1776
1773 2543
1774 7135
1775 6677
1776 1711
1777 3480
1778 7618
1779 45
1780 5452
1781 385
1782 6795
1783 6373
1784 6620
1785 4129
1786 586
1787 2167
1788 7261
1789 546
1790 6119
1791 7956
1792 6876
1793 1883
1794 4534
1795 3404
1796 4220
1797 1490
1798 5812
1799 3266
1800 3143
1801 4755
1802 4853
1803 1176
1804 4897
1805 5494
1806 1561
1807 3500
1808 8181
1809 7802
1810 1597
1811 3047
1812 1777
1813 665
1814 7896
1815 428
1816 2275
1817 7214
1818 6809
1819 4989
1820 3241
1821 106
1822 5589
1823 3372
1824 539
1825 5615
1826 5391
1827 5657
1828 6297
1829 2096
1830 2958
1831 7857
1832 6241
1833 1250
1834 2911
1835 8018
1836 1914
1837 6503
1838 2342
1839 1114
1840 1364
1841 7394
1842 6103
1843 4604
1844 5465
1845 4037
1846 2887
1847 7800
1848 352
1849 3332
1850 736
1851 1749
1852 5223
1853 6472
1854 194
1855 1823
1856 7344
1857 2536
1858 2408
1859 266
1860 3899
1861 311
1862 917
1863 5775
1864 3596
1865 5712
1866 470
1867 6947
1868 2087
1869 2823
1870 5878
1871 3515
1872 3424
1873 1795
1874 5297
1875 1988
1876 566
1877 4524
1878 4714
1879 230
1880 4582
1881 541
1882 5499
1883 6315
1884 902
1885 6785
1886 4105
1887 837
1888 7605
1889 5020
1890 3313
1891 5747
1892 6827
1893 978
1894 6902
1895 7913
1896 286
1897 3259
1898 4976
1899 7169
1900 7840
1901 7865
1902 7710
1903 5146
1904 4235
1905 5833
1906 6048
1907 6317
1908 4425
1909 1960
1910 1885
1911 7380
1912 2100
1913 415
1914 734
1915 7317
1916 1163
1917 3131
1918 3579
1919 3393
1920 2327
1921 3682
1922 177
1923 1304
1924 3330
1925 6653
1926 2209
1927 2885
1928 6723
1929 7078
1930 3054
1931 5910
1932 2493
1933 6325
1934 1719
1935 5449
1936 388
1937 6460
1938 3470
1939 594
1940 7151
1941 3957
1942 2288
1943 3806
1944 2718
1945 2571
1946 7889
1947 1178
1948 710
1949 1905
1950 808
1951 3074
1952 6128
1953 677
1954 6635
1955 2396
1956 3891
1957 5277
1958 6384
1959 4278
1960 8058
1961 4138
1962 619
1963 6035
1964 2907
1965 560
1966 5478
1967 7324
1968 1738
1969 5800
1970 6994
1971 4110
1972 201
1973 6686
1974 2046
1975 511
1976 7145
1977 1566
1978 2844
1979 6842
1980 4002
1981 7122
1982 6332
1983 6281
1984 2618
1985 4174
1986 4734
1987 6473
1988 2221
1989 4079
1990 3268
1991 4280
1992 1762
1993 185
1994 932
1995 2658
1996 3743
1997 2498
1998 277
1999 6586
2000 1148
2001 5516
2002 3342
2003 4311
2004 1481
2005 8030
2006 6929
2007 5655
2008 833
2009 790
2010 2197
2011 7305
2012 1974
2013 476
2014 3580
2015 4195
2016 4555
2017 2334
2018 642
2019 417
2020 2518
2021 1349
2022 981
2023 3847
2024 7567
2025 4994
2026 1538
2027 4890
2028 143
2029 3286
2030 1009
2031 1623
2032 3124
2033 7937
2034 7278
2035 535
2036 1282
2037 3069
2038 1757
2039 6649
2040 6703
2041 5304
2042 844
2043 6953
2044 5720
2045 3361
2046 4192
2047 7069
2048 344
2049 5173
2050 2723
2051 4547
2052 7716
2053 7332
2054 1245
2055 7859
2056 2426
2057 2253
2058 1290
2059 5549
2060 1313
2061 1656
2062 5040
2063 3413
2064 2838
2065 8141
2066 4394
2067 5669
2068 7754
2069 8098
2070 1464
2071 7267
2072 5700
2073 6010
2074 4840
2075 6457
2076 4623
2077 5936
2078 5845
2079 1585
2080 2125
2081 2693
2082 4997
2083 4963
2084 6243
2085 4911
2086 2444
2087 2388
2088 2006
2089 3111
2090 6932
2091 1911
2092 4574
2093 1454
2094 3333
2095 2769
2096 7955
2097 2353
2098 3734
2099 3937
2100 7823
2101 6427
2102 741
2103 4477
2104 7269
2105 5897
2106 3699
2107 816
2108 2439
2109 2063
2110 7781
2111 6321
2112 1042
2113 7728
2114 1461
2115 3810
2116 1224
2117 1700
2118 5434
2119 56
2120 6553
2121 3668
2122 2953
2123 8066
2124 4265
2125 5771
2126 7963
2127 3783
2128 2462
2129 3371
2130 7319
2131 2248
2132 4413
2133 6855
2134 3709
2135 31
2136 4932
2137 1730
2138 4975
2139 2590
2140 5660
2141 1048
2142 1270
2143 3238
2144 819
2145 683
2146 1632
2147 3027
2148 2739
2149 5489
2150 593
2151 913
2152 5005
2153 3278
2154 4621
2155 1361
2156 6764
2157 640
2158 5734
2159 5629
2160 7045
2161 180
2162 3828
2163 2770
2164 4875
2165 4039
2166 5693
2167 5560
2168 528
2169 7460
2170 6016
2171 3466
2172 5220
2173 1423
2174 4827
2175 3791
2176 1658
2177 1333
2178 4337
2179 1019
2180 129
2181 7340
2182 6711
2183 4849
2184 4707
2185 4116
2186 7487
2187 5062
2188 2049
2189 2668
2190 2853
2191 4359
2192 6447
2193 994
2194 3672
2195 317
2196 8008
2197 3160
2198 6517
2199 2537
2200 2607
2201 5096
2202 7033
2203 1610
2204 905
2205 2948
2206 5555
2207 2256
2208 6425
2209 6305
2210 5534
2211 3608
2212 6258
2213 12
2214 530
2215 7719
2216 5960
2217 852
2218 2863
2219 7885
2220 1652
2221 4472
2222 5159
2223 5376
2224 2521
2225 756
2226 2783
2227 777
2228 7180
2229 1870
2230 3391
2231 5293
2232 7404
2233 6999
2234 5065
2235 5673
2236 6290
2237 2548
2238 2120
2239 7671
2240 4380
2241 3178
2242 6032
2243 4942
2244 2998
2245 4833
2246 5468
2247 5519
2248 58
2249 1928
2250 1494
2251 300
2252 5365
2253 545
2254 3462
2255 635
2256 3093
2257 2089
2258 2755
2259 1567
2260 738
2261 4974
2262 5679
2263 2683
2264 2954
2265 79
2266 3012
2267 3400
2268 4655
2269 4940
2270 4893
2271 6333
2272 6078
2273 6894
2274 4087
2275 2365
2276 4632
2277 5827
2278 5571
2279 7916
2280 134
2281 1291
2282 2028
2283 3827
2284 1862
2285 2468
2286 1941
2287 5480
2288 4331
2289 6596
2290 2227
2291 1031
2292 4736
2293 113
2294 6224
2295 4199
2296 397
2297 181
2298 639
2299 5947
2300 5885
2301 3108
2302 7237
2303 4960
2304 4439
2305 1073
2306 3618
2307 5574
2308 7420
2309 1712
2310 5823
2311 2568
2312 2366
2313 2680
2314 774
2315 6879
2316 1170
2317 5984
2318 7517
2319 7393
2320 7687
2321 5148
2322 1236
2323 2603
2324 6195
2325 5265
2326 7011
2327 7946
2328 843
2329 1053
2330 4804
2331 3620
2332 7170
2333 6071
2334 4780
2335 7241
2336 2572
2337 4310
2338 6442
2339 3805
2340 3397
2341 7349
2342 6407
2343 7589
2344 4661
2345 7632
2346 7475
2347 3031
2348 4083
2349 7702
2350 8135
2351 5809
2352 6014
2353 1204
2354 3312
2355 6709
2356 6474
2357 739
2358 6105
2359 3634
2360 2573
2361 7805
2362 5522
2363 4892
2364 7244
2365 7922
2366 3813
2367 2172
2368 6134
2369 2115
2370 8178
2371 939
2372 8129
2373 3542
2374 4999
2375 8013
2376 2262
2377 7138
2378 4786
2379 6826
2380 5420
2381 3325
2382 7312
2383 474
2384 655
2385 4011
2386 7718
2387 7052
2388 333
2389 7553
2390 1032
2391 3147
2392 3622
2393 3083
2394 5069
2395 8081
2396 1232
2397 3835
2398 1062
2399 3379
2400 1923
2401 6674
2402 6509
2403 2057
2404 4926
2405 1418
2406 1813
2407 3199
2408 4100
2409 4959
2410 7722
2411 7930
2412 7058
2413 5749
2414 8120
2415 906
2416 1763
2417 7580
2418 4260
2419 6716
2420 2576
2421 6167
2422 3117
2423 4633
2424 6948
2425 8042
2426 6050
2427 568
2428 3049
2429 1958
2430 4507
2431 1487
2432 5375
2433 2841
2434 8179
2435 5112
2436 7910
2437 4856
2438 4930
2439 5466
2440 3240
2441 6372
2442 5002
2443 6708
2444 5759
2445 1069
2446 2762
2447 3645
2448 737
2449 7399
2450 7248
2451 60
2452 6610
2453 1387
2454 1259
2455 7323
2456 1090
2457 4543
2458 4060
2459 6556
2460 4591
2461 7433
2462 2302
2463 2002
2464 6584
2465 1112
2466 1197
2467 2230
2468 6949
2469 7874
2470 5367
2471 2450
2472 1799
2473 2137
2474 5756
2475 2888
2476 6679
2477 1624
2478 1252
2479 6269
2480 2349
2481 5987
2482 1589
2483 97
2484 135
2485 3591
2486 2656
2487 621
2488 5055
2489 1047
2490 3488
2491 2845
2492 6923
2493 5733
2494 5410
2495 4779
2496 6153
2497 6611
2498 4876
2499 2010
2500 3363
2501 7534
2502 513
2503 379
2504 66
2505 3987
2506 5505
2507 5034
2508 2099
2509 416
2510 7879
2511 829
2512 1467
2513 6239
2514 4141
2515 799
2516 7581
2517 5780
2518 5122
2519 1545
2520 6906
2521 671
2522 5225
2523 5857
2524 6272
2525 2594
2526 7738
2527 3511
2528 3687
2529 4032
2530 5043
2531 4657
2532 4535
2533 2311
2534 2123
2535 5444
2536 3155
2537 6988
2538 3448
2539 853
2540 4118
2541 8036
2542 4855
2543 422
2544 599
2545 3038
2546 3831
2547 2690
2548 4340
2549 1155
2550 1592
2551 207
2552 387
2553 4427
2554 1239
2555 353
2556 6008
2557 3725
2558 7737
2559 4602
2560 276
2561 2412
2562 4578
2563 4106
2564 1289
2565 4400
2566 4995
2567 2820
2568 2139
2569 35
2570 3765
2571 3446
2572 5595
2573 7171
2574 5128
2575 3328
2576 7034
2577 5260
2578 2702
2579 5772
2580 5535
2581 1449
2582 5849
2583 3205
2584 7530
2585 6396
2586 1633
2587 2868
2588 1667
2589 3696
2590 6633
2591 2055
2592 1328
2593 7649
2594 6120
2595 3761
2596 4585
2597 1256
2598 2602
2599 182
2600 878
2601 3570
2602 6292
2603 2293
2604 4496
2605 125
2606 4838
2607 7762
2608 6146
2609 2215
2610 7474
2611 4935
2612 1398
2613 5644
2614 2978
2615 5355
2616 6233
2617 8163
2618 5321
2619 3540
2620 514
2621 5009
2622 7952
2623 1655
2624 1303
2625 7521
2626 1168
2627 4726
2628 2595
2629 7314
2630 2012
2631 6595
2632 6946
2633 4952
2634 1445
2635 80
2636 7089
2637 3058
2638 3513
2639 1554
2640 4692
2641 7444
2642 6874
2643 40
2644 6295
2645 6486
2646 6245
2647 6428
2648 7595
2649 3676
2650 6717
2651 5687
2652 4785
2653 4441
2654 6565
2655 4520
2656 7895
2657 5461
2658 1989
2659 4415
2660 6681
2661 3450
2662 1553
2663 5014
2664 7392
2665 6342
2666 5842
2667 1825
2668 4367
2669 7512
2670 5209
2671 6754
2672 7858
2673 88
2674 6456
2675 5126
2676 7115
2677 3887
2678 6247
2679 5603
2680 7552
2681 4131
2682 2791
2683 3057
2684 952
2685 2257
2686 4019
2687 6891
2688 2231
2689 1907
2690 4358
2691 5310
2692 5398
2693 4870
2694 211
2695 8072
2696 565
2697 5482
2698 7961
2699 1421
2700 2715
2701 2826
2702 5082
2703 6391
2704 2665
2705 5263
2706 7555
2707 1077
2708 4493
2709 1280
2710 1159
2711 7137
2712 6641
2713 759
2714 3473
2715 1539
2716 797
2717 440
2718 3444
2719 4566
2720 4521
2721 3737
2722 866
2723 5475
2724 1189
2725 5945
2726 2469
2727 6577
2728 3628
2729 7411
2730 2077
2731 8169
2732 1946
2733 5821
2734 4187
2735 4250
2736 4626
2737 3414
2738 7730
2739 2005
2740 5084
2741 6273
2742 776
2743 550
2744 7153
2745 4777
2746 6348
2747 1604
2748 6687
2749 626
2750 1071
2751 2719
2752 163
2753 723
2754 6136
2755 2168
2756 4941
2757 5882
2758 2740
2759 3516
2760 462
2761 4639
2762 6057
2763 5816
2764 6860
2765 1412
2766 7688
2767 5266
2768 2074
2769 1663
2770 1379
2771 3759
2772 7635
2773 325
2774 667
2775 6381
2776 3367
2777 24
2778 1727
2779 4111
2780 7126
2781 6647
2782 2780
2783 2574
2784 6538
2785 2016
2786 4181
2787 3232
2788 6756
2789 6599
2790 964
2791 987
2792 1065
2793 1151
2794 5176
2795 4330
2796 7007
2797 589
2798 1249
2799 183
2800 2963
2801 5658
2802 6885
2803 1309
2804 5709
2805 3874
2806 6083
2807 7106
2808 4647
2809 2351
2810 5512
2811 5610
2812 1798
2813 884
2814 2035
2815 8038
2816 7217
2817 850
2818 7594
2819 457
2820 3419
2821 1104
2822 4727
2823 627
2824 409
2825 6710
2826 7515
2827 4834
2828 582
2829 7179
2830 3203
2831 1874
2832 5238
2833 6087
2834 1583
2835 1172
2836 5488
2837 7875
2838 1628
2839 2094
2840 5046
2841 5197
2842 169
2843 4376
2844 6145
2845 751
2846 1706
2847 5887
2848 6943
2849 2509
2850 425
2851 3681
2852 2133
2853 107
2854 5308
2855 5074
2856 2201
2857 2162
2858 2934
2859 6618
2860 5732
2861 6786
2862 1916
2863 4993
2864 7274
2865 693
2866 875
2867 6113
2868 3202
2869 6883
2870 6645
2871 3998
2872 653
2873 6159
2874 7661
2875 6051
2876 1708
2877 7438
2878 7507
2879 5804
2880 6287
2881 7720
2882 5446
2883 8138
2884 2070
2885 3551
2886 5221
2887 2944
2888 1472
2889 464
2890 8009
2891 7113
2892 117
2893 6461
2894 2918
2895 4843
2896 885
2897 4972
2898 5045
2899 1839
2900 2657
2901 2423
2902 7868
2903 2129
2904 7492
2905 4203
2906 2851
2907 1231
2908 4322
2909 7606
2910 4139
2911 382
2912 1330
2913 491
2914 6301
2915 6776
2916 5691
2917 3153
2918 4436
2919 7993
2920 3374
2921 4112
2922 1929
2923 2674
2924 123
2925 5524
2926 1654
2927 2815
2928 4490
2929 5793
2930 3196
2931 8
2932 2486
2933 690
2934 7638
2935 1070
2936 1491
2937 202
2938 1845
2939 5219
2940 558
2941 7892
2942 2034
2943 6877
2944 1253
2945 8044
2946 6347
2947 5471
2948 5822
2949 6160
2950 5267
2951 1709
2952 4348
2953 3200
2954 4549
2955 2071
2956 1771
2957 6684
2958 1964
2959 773
2960 5017
2961 6448
2962 7119
2963 2295
2964 7759
2965 1153
2966 1275
2967 4610
2968 826
2969 4475
2970 715
2971 1327
2972 3398
2973 5742
2974 4197
2975 1814
2976 2689
2977 1457
2978 2434
2979 7450
2980 1676
2981 2000
2982 6905
2983 7391
2984 4281
2985 4670
2986 2219
2987 5227
2988 4033
2989 2033
2990 6768
2991 4466
2992 1912
2993 2083
2994 3724
2995 4516
2996 6516
2997 8053
2998 1598
2999 5324
3000 7592
3001 5680
3002 525
3003 6319
3004 2158
3005 3865
3006 3209
3007 218
3008 5242
3009 3102
3010 1515
3011 5013
3012 2323
3013 1556
3014 1222
3015 6545
3016 468
3017 312
3018 992
3019 6630
3020 6896
3021 2431
3022 5114
3023 5532
3024 2352
3025 6780
3026 3675
3027 2760
3028 3978
3029 5998
3030 4315
3031 7219
3032 5731
3033 7013
3034 3394
3035 615
3036 8005
3037 3134
3038 4541
3039 757
3040 1463
3041 7615
3042 6661
3043 8091
3044 5249
3045 3573
3046 1034
3047 656
3048 533
3049 405
3050 6386
3051 5975
3052 4740
3053 233
3054 6228
3055 3627
3056 5111
3057 7193
3058 4375
3059 5853
3060 6615
3061 5751
3062 198
3063 2510
3064 5387
3065 1466
3066 2914
3067 6808
3068 697
3069 6925
3070 2476
3071 7934
3072 7356
3073 4852
3074 3107
3075 7158
3076 768
3077 1809
3078 6518
3079 7203
3080 2643
3081 1968
3082 4109
3083 4882
3084 7977
3085 2725
3086 8104
3087 3599
3088 4048
3089 1692
3090 3789
3091 1184
3092 3639
3093 4301
3094 5058
3095 3384
3096 4809
3097 4263
3098 1498
3099 7405
3100 7076
3101 3959
3102 785
3103 7558
3104 430
3105 3015
3106 5178
3107 4417
3108 6133
3109 2203
3110 7012
3111 3193
3112 2405
3113 166
3114 7723
3115 8021
3116 1363
3117 258
3118 4829
3119 1136
3120 1615
3121 1682
3122 6098
3123 7758
3124 1033
3125 6270
3126 2541
3127 7561
3128 6863
3129 6637
3130 6692
3131 849
3132 7999
3133 4184
3134 8085
3135 3502
3136 6206
3137 5117
3138 7141
3139 7887
3140 5971
3141 5656
3142 7024
3143 1078
3144 810
3145 6434
3146 5258
3147 5150
3148 3164
3149 2859
3150 5463
3151 460
3152 248
3153 2578
3154 5428
3155 3655
3156 6566
3157 6374
3158 1292
3159 2102
3160 1748
3161 6898
3162 915
3163 5510
3164 4144
3165 5186
3166 5889
3167 8011
3168 6964
3169 3474
3170 5338
3171 7120
3172 3520
3173 543
3174 863
3175 7240
3176 2004
3177 4050
3178 812
3179 2348
3180 1111
3181 2116
3182 6458
3183 4274
3184 1785
3185 2837
3186 1739
3187 4012
3188 2785
3189 2281
3190 141
3191 2144
3192 5736
3193 6974
3194 948
3195 8050
3196 5222
3197 4753
3198 5548
3199 4176
3200 7286
3201 8188
3202 7264
3203 1375
3204 6338
3205 3352
3206 3659
3207 6771
3208 6583
3209 34
3210 1903
3211 6202
3212 2763
3213 4969
3214 2324
3215 6045
3216 691
3217 7954
3218 2792
3219 2480
3220 4307
3221 7894
3222 431
3223 974
3224 7014
3225 1007
3226 4383
3227 6285
3228 8190
3229 3365
3230 1519
3231 7855
3232 5411
3233 7616
3234 6673
3235 1606
3236 2560
3237 3533
3238 6844
3239 3034
3240 1126
3241 3449
3242 6525
3243 4491
3244 3099
3245 1093
3246 4617
3247 65
3248 7096
3249 7919
3250 1206
3251 1266
3252 2609
3253 1055
3254 4053
3255 3355
3256 2660
3257 6612
3258 7861
3259 4696
3260 1953
3261 5552
3262 6493
3263 1353
3264 2403
3265 4828
3266 2479
3267 5852
3268 3161
3269 6969
3270 4253
3271 3408
3272 4317
3273 2312
3274 1171
3275 2376
3276 4984
3277 147
3278 6908
3279 641
3280 8007
3281 6326
3282 771
3283 7679
3284 5721
3285 1965
3286 742
3287 4150
3288 1066
3289 8137
3290 5110
3291 112
3292 1534
3293 7304
3294 4360
3295 3755
3296 3075
3297 4396
3298 7265
3299 5399
3300 2238
3301 6097
3302 4663
3303 3912
3304 3381
3305 5183
3306 940
3307 4812
3308 5300
3309 2279
3310 4070
3311 6668
3312 350
3313 5158
3314 5235
3315 7969
3316 2375
3317 2848
3318 280
3319 3292
3320 7511
3321 7037
3322 613
3323 5912
3324 6452
3325 4334
3326 6094
3327 4934
3328 7477
3329 4569
3330 2212
3331 7826
3332 2108
3333 4869
3334 1552
3335 569
3336 4051
3337 6806
3338 4749
3339 434
3340 4085
3341 4608
3342 465
3343 1805
3344 4799
3345 7899
3346 7801
3347 4275
3348 3718
3349 998
3350 394
3351 76
3352 2549
3353 4379
3354 4823
3355 666
3356 1142
3357 7333
3358 4228
3359 4693
3360 6111
3361 1834
3362 5818
3363 1442
3364 5383
3365 908
3366 1301
3367 2264
3368 7086
3369 5639
3370 4137
3371 6226
3372 4918
3373 886
3374 151
3375 1107
3376 4981
3377 5413
3378 1482
3379 3501
3380 2781
3381 4943
3382 2857
3383 4271
3384 3113
3385 4443
3386 5880
3387 3336
3388 5533
3389 1824
3390 2259
3391 1521
3392 1036
3393 4062
3394 6139
3395 8180
3396 2935
3397 5115
3398 5942
3399 2803
3400 6675
3401 3283
3402 4627
3403 8045
3404 7336
3405 2960
3406 5594
3407 161
3408 4487
3409 5503
3410 1343
3411 393
3412 6253
3413 297
3414 4021
3415 2347
3416 6972
3417 6118
3418 5174
3419 4880
3420 5049
3421 3926
3422 7617
3423 5268
3424 3329
3425 2438
3426 1982
3427 583
3428 4329
3429 7554
3430 6185
3431 5727
3432 1035
3433 1919
3434 3595
3435 6798
3436 4290
3437 6144
3438 1281
3439 1878
3440 6005
3441 706
3442 522
3443 2282
3444 3150
3445 5408
3446 2511
3447 6481
3448 4186
3449 4015
3450 6691
3451 6563
3452 7139
3453 2093
3454 6092
3455 4043
3456 1207
3457 7664
3458 5920
3459 7211
3460 4873
3461 4662
3462 3658
3463 1530
3464 407
3465 2634
3466 1484
3467 7189
3468 923
3469 5670
3470 4938
3471 2698
3472 6190
3473 3308
3474 91
3475 5946
3476 7614
3477 6123
3478 6821
3479 2287
3480 5917
3481 3825
3482 3584
3483 4351
3484 5995
3485 1413
3486 8099
3487 5191
3488 5157
3489 5640
3490 8134
3491 7793
3492 907
3493 2198
3494 7970
3495 6617
3496 4814
3497 2155
3498 2009
3499 972
3500 3477
3501 614
3502 3965
3503 4583
3504 5770
3505 1367
3506 2030
3507 6382
3508 5312
3509 7288
3510 6059
3511 4089
3512 8112
3513 5104
3514 7890
3515 3935
3516 6314
3517 2856
3518 6090
3519 838
3520 6263
3521 1452
3522 2653
3523 7222
3524 7933
3525 4741
3526 1861
3527 5218
3528 5394
3529 5782
3530 7298
3531 4209
3532 6041
3533 1791
3534 5485
3535 2272
3536 4034
3537 6715
3538 216
3539 6076
3540 5997
3541 5182
3542 7148
3543 6660
3544 1198
3545 1657
3546 1150
3547 6926
3548 7190
3549 3434
3550 4123
3551 6413
3552 5224
3553 3921
3554 3706
3555 2092
3556 3651
3557 2547
3558 86
3559 1368
3560 4038
3561 6801
3562 5098
3563 7016
3564 8125
3565 1050
3566 5
3567 3289
3568 6311
3569 1662
3570 461
3571 4142
3572 7387
3573 7575
3574 3317
3575 4607
3576 192
3577 4881
3578 1137
3579 3843
3580 7427
3581 5179
3582 2651
3583 2085
3584 1360
3585 2583
3586 6180
3587 7697
3588 3139
3589 1276
3590 1737
3591 5083
3592 749
3593 3349
3594 4249
3595 8028
3596 4738
3597 3294
3598 28
3599 1426
3600 4430
3601 661
3602 3914
3603 4642
3604 1489
3605 6001
3606 2765
3607 3624
3608 4502
3609 515
3610 78
3611 5433
3612 3864
3613 208
3614 4946
3615 4782
3616 1020
3617 7596
3618 7032
3619 6590
3620 7202
3621 103
3622 956
3623 4016
3624 5597
3625 4652
3626 6140
3627 7900
3628 3753
3629 4268
3630 8131
3631 7513
3632 3943
3633 7364
3634 2445
3635 1284
3636 5777
3637 1386
3638 6927
3639 5402
3640 6502
3641 3387
3642 3489
3643 1335
3644 2047
3645 3411
3646 2232
3647 1523
3648 3063
3649 4931
3650 7550
3651 467
3652 6587
3653 1853
3654 213
3655 5322
3656 7254
3657 6714
3658 6784
3659 7437
3660 1254
3661 1760
3662 3635
3663 5869
3664 5368
3665 5834
3666 6423
3667 6636
3668 6749
3669 7167
3670 3590
3671 4180
3672 273
3673 3425
3674 3237
3675 6397
3676 4014
3677 2411
3678 6268
3679 5762
3680 4645
3681 4319
3682 377
3683 584
3684 4945
3685 5056
3686 4764
3687 2114
3688 318
3689 7985
3690 1085
3691 4344
3692 1940
3693 423
3694 4373
3695 1473
3696 4742
3697 5982
3698 6207
3699 3071
3700 3138
3701 5184
3702 4082
3703 7144
3704 6100
3705 965
3706 3818
3707 153
3708 3481
3709 4241
3710 4526
3711 4954
3712 6803
3713 688
3714 5406
3715 1875
3716 6959
3717 5755
3718 6869
3719 4461
3720 3098
3721 6034
3722 5038
3723 2964
3724 1372
3725 6276
3726 3686
3727 2557
3728 4374
3729 3297
3730 54
3731 240
3732 7109
3733 4571
3734 5284
3735 7669
3736 3126
3737 4605
3738 5976
3739 2531
3740 7417
3741 7473
3742 5843
3743 3712
3744 4456
3745 7008
3746 4510
3747 6479
3748 5360
3749 6719
3750 3552
3751 3773
3752 5635
3753 2727
3754 7599
3755 5799
3756 2627
3757 6962
3758 410
3759 3685
3760 1880
3761 1811
3762 2925
3763 3128
3764 2306
3765 6901
3766 7940
3767 2475
3768 3376
3769 2242
3770 2188
3771 6412
3772 100
3773 646
3774 7739
3775 7322
3776 5010
3777 4622
3778 6958
3779 209
3780 2514
3781 8029
3782 5956
3783 7282
3784 1278
3785 5361
3786 5801
3787 7150
3788 7795
3789 5090
3790 705
3791 7662
3792 3563
3793 8166
3794 7920
3795 3837
3796 867
3797 1560
3798 2927
3799 481
3800 4204
3801 5177
3802 6441
3803 2764
3804 7535
3805 6148
3806 6853
3807 4850
3808 6322
3809 221
3810 6298
3811 1456
3812 5766
3813 2050
3814 1866
3815 7043
3816 3509
3817 1511
3818 638
3819 1887
3820 4426
3821 3670
3822 3941
3823 5140
3824 5397
3825 1003
3826 2713
3827 4124
3828 438
3829 268
3830 2304
3831 880
3832 2451
3833 2204
3834 1779
3835 8175
3836 7991
3837 179
3838 4939
3839 5576
3840 3964
3841 2358
3842 3583
3843 4401
3844 3850
3845 612
3846 1492
3847 396
3848 3881
3849 5205
3850 5737
3851 1987
3852 2391
3853 2269
3854 490
3855 3483
3856 2026
3857 7884
3858 5875
3859 6453
3860 2147
3861 6062
3862 2542
3863 3633
3864 5141
3865 573
3866 3663
3867 2797
3868 2647
3869 2317
3870 3331
3871 6178
3872 3115
3873 798
3874 2088
3875 1840
3876 5486
3877 2435
3878 6741
3879 6650
3880 5354
3881 7476
3882 6015
3883 8049
3884 2623
3885 2936
3886 6359
3887 1535
3888 3577
3889 4649
3890 858
3891 4751
3892 3198
3893 319
3894 732
3895 7794
3896 2491
3897 2314
3898 2156
3899 6046
3900 8184
3901 5750
3902 4006
3903 7031
3904 919
3905 5965
3906 5392
3907 1634
3908 4817
3909 524
3910 949
3911 5617
3912 8107
3913 3025
3914 2652
3915 879
3916 210
3917 7467
3918 3705
3919 8159
3920 1477
3921 5908
3922 3786
3923 7734
3924 4279
3925 2401
3926 282
3927 5662
3928 122
3929 4781
3930 331
3931 6936
3932 7571
3933 5253
3934 6221
3935 383
3936 6091
3937 7545
3938 2350
3939 1260
3940 1753
3941 1541
3942 4597
3943 8172
3944 7867
3945 2708
3946 3504
3947 7246
3948 5105
3949 786
3950 7426
3951 7006
3952 4708
3953 2772
3954 1959
3955 3680
3956 6141
3957 3885
3958 2278
3959 453
3960 1005
3961 1582
3962 2368
3963 3053
3964 1182
3965 5890
3966 304
3967 5033
3968 5974
3969 6578
3970 2992
3971 4944
3972 2966
3973 4548
3974 575
3975 3629
3976 212
3977 1756
3978 5794
3979 7423
3980 168
3981 3597
3982 2007
3983 3270
3984 1881
3985 4355
3986 7818
3987 1514
3988 6541
3989 1725
3990 6446
3991 7864
3992 2711
3993 520
3994 2121
3995 7463
3996 69
3997 6697
3998 7003
3999 815
4000 5817
4001 2058
4002 6385
4003 1673
4004 4603
4005 4384
4006 4904
4007 239
4008 4175
4009 308
4010 7042
4011 7231
4012 6570
4013 7384
4014 6410
4015 7414
4016 7493
4017 6024
4018 5462
4019 4216
4020 1161
4021 6804
4022 5142
4023 6984
4024 3877
4025 4503
4026 1816
4027 3223
4028 746
4029 7668
4030 2648
4031 61
4032 4017
4033 7259
4034 1344
4035 4054
4036 4982
4037 7625
4038 2244
4039 7101
4040 8174
4041 5393
4042 5623
4043 1769
4044 6080
4045 3996
4046 4213
4047 2447
4048 1415
4049 6598
4050 6857
4051 4767
4052 5950
4053 6729
4054 3467
4055 4026
4056 5900
4057 7767
4058 943
4059 5435
4060 6028
4061 1688
4062 5155
4063 4728
4064 6506
4065 6171
4066 3872
4067 5057
4068 4835
4069 2635
4070 6108
4071 6304
4072 7050
4073 6623
4074 7105
4075 3829
4076 2950
4077 4615
4078 1376
4079 6418
4080 4189
4081 883
4082 4122
4083 6355
4084 2979
4085 2109
4086 7272
4087 1022
4088 1052
4089 4237
4090 1622
4091 7186
4092 4783
4093 2453
4094 5323
4095 414
4096 133
4097 6511
4098 7693
4099 4730
4100 7051
4101 3246
4102 6096
4103 4614
4104 1983
4105 3740
4106 8032
4107 5829
4108 2959
4109 698
4110 25
4111 1691
4112 4754
4113 549
4114 8000
4115 7540
4116 3962
4117 882
4118 7655
4119 4667
4120 1100
4121 5562
4122 6718
4123 6238
4124 6262
4125 3588
4126 2824
4127 2631
4128 8121
4129 1549
4130 4979
4131 2489
4132 3567
4133 4620
4134 4215
4135 3451
4136 5276
4137 159
4138 4077
4139 3929
4140 1758
4141 6395
4142 2154
4143 937
4144 5319
4145 5954
4146 4567
4147 1977
4148 8012
4149 5729
4150 7825
4151 4403
4152 47
4153 2876
4154 2466
4155 2835
4156 4760
4157 1241
4158 6568
4159 2565
4160 3235
4161 6306
4162 6967
4163 6775
4164 649
4165 7035
4166 3114
4167 553
4168 365
4169 5054
4170 1605
4171 6594
4172 4864
4173 305
4174 3364
4175 5813
4176 2671
4177 997
4178 4825
4179 2775
4180 5948
4181 3040
4182 763
4183 2305
4184 4525
4185 1699
4186 2023
4187 4206
4188 6752
4189 2608
4190 859
4191 7870
4192 2148
4193 1397
4194 3154
4195 6264
4196 6222
4197 6324
4198 5198
4199 8102
4200 448
4201 2733
4202 6116
4203 1602
4204 6061
4205 7457
4206 7771
4207 4492
4208 5506
4209 6555
4210 4005
4211 3560
4212 2225
4213 156
4214 6895
4215 604
4216 6431
4217 6825
4218 7209
4219 6975
4220 2539
4221 1895
4222 4529
4223 5455
4224 251
4225 5926
4226 2398
4227 1010
4228 4164
4229 1432
4230 196
4231 6606
4232 3782
4233 4473
4234 5213
4235 5738
4236 2075
4237 2980
4238 3302
4239 2325
4240 2789
4241 5187
4242 217
4243 6814
4244 3084
4245 6866
4246 3459
4247 7932
4248 1849
4249 993
4250 3840
4251 3671
4252 685
4253 7390
4254 3971
4255 6971
4256 5254
4257 5645
4258 4464
4259 3169
4260 2761
4261 4161
4262 2993
4263 1128
4264 4357
4265 14
4266 1596
4267 6945
4268 3723
4269 8088
4270 2501
4271 8146
4272 8191
4273 6358
4274 4201
4275 1334
4276 5713
4277 4530
4278 7967
4279 765
4280 3692
4281 5288
4282 4957
4283 4041
4284 487
4285 3619
4286 2988
4287 2941
4288 7213
4289 2298
4290 1584
4291 5378
4292 6498
4293 7005
4294 1116
4295 2505
4296 6237
4297 178
4298 2213
4299 6476
4300 4512
4301 2807
4302 579
4303 2189
4304 3112
4305 3464
4306 7827
4307 6847
4308 4580
4309 1160
4310 5903
4311 760
4312 6081
4313 922
4314 1685
4315 6613
4316 7397
4317 2932
4318 1257
4319 1548
4320 1835
4321 6807
4322 659
4323 473
4324 4045
4325 7508
4326 1317
4327 7162
4328 6520
4329 888
4330 3953
4331 8048
4332 3708
4333 6639
4334 8187
4335 7743
4336 6357
4337 1744
4338 6830
4339 804
4340 6242
4341 7327
4342 7130
4343 3002
4344 722
4345 7906
4346 4837
4347 4762
4348 3660
4349 6882
4350 1581
4351 3383
4352 4895
4353 6760
4354 7982
4355 3571
4356 3285
4357 7242
4358 5871
4359 1152
4360 1338
4361 2951
4362 6334
4363 376
4364 6499
4365 165
4366 1619
4367 6439
4368 7156
4369 6702
4370 5317
4371 6054
4372 4366
4373 1595
4374 1973
4375 114
4376 214
4377 7440
4378 590
4379 754
4380 478
4381 3609
4382 2119
4383 1820
4384 6186
4385 3662
4386 2031
4387 7503
4388 2291
4389 7386
4390 5754
4391 5422
4392 2316
4393 5785
4394 4381
4395 5862
4396 6593
4397 5204
4398 2926
4399 988
4400 8171
4401 299
4402 686
4403 7708
4404 6671
4405 7756
4406 6753
4407 4233
4408 6387
4409 6548
4410 6774
4411 4442
4412 630
4413 3922
4414 2322
4415 5311
4416 4634
4417 44
4418 1450
4419 6631
4420 1428
4421 5921
4422 7270
4423 7066
4424 3860
4425 3586
4426 1666
4427 6438
4428 517
4429 5537
4430 6354
4431 3472
4432 6567
4433 1954
4434 6960
4435 7908
4436 7670
4437 5108
4438 2788
4439 1501
4440 4453
4441 2669
4442 4970
4443 4284
4444 2753
4445 4387
4446 6781
4447 3190
4448 7562
4449 5130
4450 4690
4451 8063
4452 6360
4453 6823
4454 920
4455 6220
4456 7882
4457 5930
4458 4815
4459 2220
4460 5409
4461 3834
4462 5003
4463 7435
4464 1248
4465 5261
4466 7297
4467 4532
4468 5765
4469 6884
4470 4434
4471 2974
4472 8147
4473 6938
4474 2579
4475 2065
4476 5027
4477 6274
4478 2830
4479 2384
4480 7456
4481 6522
4482 1462
4483 3389
4484 1144
4485 1084
4486 4671
4487 5442
4488 2286
4489 3770
4490 3593
4491 6600
4492 5977
4493 5792
4494 7070
4495 3011
4496 1747
4497 366
4498 5135
4499 1510
4500 735
4501 5627
4502 1819
4503 959
4504 709
4505 3747
4506 803
4507 7516
4508 8122
4509 5923
4510 2181
4511 2584
4512 7249
4513 6403
4514 3345
4515 6558
4516 4428
4517 2724
4518 8080
4519 1242
4520 356
4521 6440
4522 5540
4523 5202
4524 7446
4525 7849
4526 6512
4527 2675
4528 7155
4529 265
4530 4480
4531 1751
4532 1939
4533 4992
4534 3445
4535 7469
4536 4841
4537 4709
4538 2712
4539 3144
4540 2808
4541 5432
4542 8106
4543 4276
4544 5326
4545 1867
4546 2580
4547 2051
4548 1402
4549 4343
4550 314
4551 220
4552 5659
4553 3121
4554 5545
4555 2742
4556 1746
4557 3883
4558 184
4559 5500
4560 7021
4561 7335
4562 2867
4563 4445
4564 4887
4565 4664
4566 2354
4567 1687
4568 5025
4569 2906
4570 3826
4571 7301
4572 4609
4573 5991
4574 7912
4575 7703
4576 2073
4577 3698
4578 5609
4579 531
4580 1246
4581 4729
4582 7787
4583 3859
4584 3130
4585 338
4586 3186
4587 3082
4588 7010
4589 2779
4590 2374
4591 2893
4592 7360
4593 955
4594 5287
4595 2530
4596 5007
4597 3295
4598 6878
4599 4229
4600 5696
4601 7061
4602 2553
4603 1761
4604 654
4605 855
4606 6471
4607 7416
4608 7904
4609 1288
4610 4207
4611 4489
4612 7483
4613 1051
4614 236
4615 2404
4616 6175
4617 2038
4618 1686
4619 1429
4620 6501
4621 6790
4622 1603
4623 822
4624 4803
4625 3226
4626 7531
4627 3439
4628 6150
4629 5124
4630 6370
4631 7860
4632 929
4633 7496
4634 7770
4635 2786
4636 7020
4637 6955
4638 5807
4639 3985
4640 3348
4641 4900
4642 4683
4643 901
4644 4773
4645 6772
4646 5282
4647 155
4648 4710
4649 4937
4650 4135
4651 8132
4652 3298
4653 5515
4654 2729
4655 4071
4656 3277
4657 7751
4658 2676
4659 3955
4660 7359
4661 4230
4662 188
4663 4961
4664 1732
4665 3498
4666 1860
4667 2385
4668 3603
4669 5281
4670 4004
4671 3231
4672 6881
4673 7863
4674 3901
4675 3684
4676 839
4677 3059
4678 119
4679 6557
4680 1978
4681 3777
4682 675
4683 3547
4684 7838
4685 3880
4686 718
4687 7406
4688 3359
4689 2955
4690 3493
4691 1780
4692 651
4693 5894
4694 4511
4695 5189
4696 2151
4697 68
4698 7173
4699 4758
4700 2752
4701 2310
4702 226
4703 873
4704 4247
4705 6152
4706 5372
4707 95
4708 2709
4709 7285
4710 7637
4711 7704
4712 2263
4713 3427
4714 1054
4715 7824
4716 527
4717 7245
4718 6888
4719 5248
4720 1651
4721 2428
4722 7548
4723 4537
4724 3211
4725 668
4726 3704
4727 2382
4728 3486
4729 2726
4730 1902
4731 3118
4732 1527
4733 4210
4734 3263
4735 911
4736 7067
4737 7276
4738 5521
4739 6429
4740 5332
4741 5371
4742 7234
4743 296
4744 4125
4745 3225
4746 391
4747 4484
4748 5048
4749 1702
4750 2952
4751 7696
4752 1133
4753 1808
4754 3017
4755 2750
4756 5638
4757 3410
4758 3610
4759 6664
4760 259
4761 5896
4762 7559
4763 6626
4764 1230
4765 2566
4766 4894
4767 4450
4768 4075
4769 6900
4770 3055
4771 6049
4772 5677
4773 1123
4774 466
4775 7092
4776 3893
4777 5037
4778 2896
4779 3920
4780 205
4781 1516
4782 2692
4783 1920
4784 7292
4785 5895
4786 2754
4787 4716
4788 3803
4789 33
4790 3339
4791 7040
4792 3947
4793 5606
4794 2809
4795 2458
4796 3842
4797 6211
4798 6765
4799 3123
4800 916
4801 1970
4802 2484
4803 3621
4804 7843
4805 4588
4806 4240
4807 1109
4808 7338
4809 1455
4810 644
4811 2097
4812 793
4813 3915
4814 5620
4815 6284
4816 6072
4817 26
4818 4902
4819 3220
4820 3284
4821 559
4822 4412
4823 5246
4824 4953
4825 1733
4826 3044
4827 3537
4828 687
4829 2470
4830 7183
4831 6343
4832 2981
4833 4288
4834 7481
4835 1026
4836 4572
4837 2150
4838 6991
4839 4341
4840 7296
4841 2084
4842 1269
4843 1773
4844 5556
4845 5929
4846 5291
4847 6802
4848 4102
4849 92
4850 38
4851 8130
4852 3095
4853 3482
4854 1884
4855 1310
4856 890
4857 6915
4858 3344
4859 5525
4860 1469
4861 5401
4862 1807
4863 2309
4864 7833
4865 3997
4866 6725
4867 5970
4868 455
4869 7579
4870 5710
4871 6244
4872 5101
4873 4090
4874 7883
4875 3600
4876 2499
4877 2359
4878 2945
4879 7995
4880 6454
4881 1859
4882 1838
4883 5927
4884 1
4885 6903
4886 3631
4887 70
4888 6296
4889 2140
4890 7597
4891 3497
4892 1436
4893 1646
4894 7299
4895 389
4896 3109
4897 7369
4898 6341
4899 3821
4900 5961
4901 5366
4902 3855
4903 6436
4904 831
4905 5290
4906 6688
4907 1694
4908 6841
4909 5856
4910 870
4911 4962
4912 2703
4913 4035
4914 6004
4915 6288
4916 5697
4917 796
4918 7587
4919 2267
4920 523
4921 6099
4922 7929
4923 2053
4924 2855
4925 6513
4926 4504
4927 2667
4928 6941
4929 1698
4930 3216
4931 502
4932 3738
4933 2425
4934 2176
4935 4648
4936 2216
4937 6209
4938 7195
4939 6728
4940 1021
4941 5252
4942 3377
4943 1899
4944 5802
4945 4851
4946 7620
4947 832
4948 2915
4949 5154
4950 223
4951 7421
4952 2605
4953 5047
4954 8060
4955 4719
4956 7834
4957 7449
4958 5325
4959 2938
4960 3856
4961 1091
4962 778
4963 5541
4964 3179
4965 2407
4966 4024
4967 8148
4968 5012
4969 4542
4970 4868
4971 1068
4972 3033
4973 4182
4974 809
4975 1586
4976 5385
4977 6934
4978 2372
4979 6554
4980 5711
4981 6757
4982 7566
4983 960
4984 2320
4985 8004
4986 5127
4987 1043
4988 7694
4989 6166
4990 7621
4991 3422
4992 2588
4993 1001
4994 4658
4995 7132
4996 5456
4997 3992
4998 2218
4999 6086
5000 8025
5001 7504
5002 3808
5003 6444
5004 6496
5005 7160
5006 4418
5007 6625
5008 2796
5009 6812
5010 3251
5011 6766
5012 5497
5013 5972
5014 1113
5015 2182
5016 4223
5017 7608
5018 4295
5019 950
5020 676
5021 5362
5022 4552
5023 3172
5024 3772
5025 748
5026 5719
5027 2207
5028 249
5029 5611
5030 877
5031 3602
5032 989
5033 6351
5034 3455
5035 2738
5036 1734
5037 792
5038 7928
5039 1626
5040 2131
5041 3832
5042 7591
5043 1926
5044 3
5045 7732
5046 4842
5047 6450
5048 1957
5049 4770
5050 4308
5051 3900
5052 6787
5053 7968
5054 3335
5055 7308
5056 5320
5057 3649
5058 1459
5059 3980
5060 3758
5061 1017
5062 5633
5063 8114
5064 2410
5065 2682
5066 2186
5067 1852
5068 5907
5069 505
5070 6157
5071 3505
5072 64
5073 7262
5074 1295
5075 3615
5076 6271
5077 1056
5078 2872
5079 2804
5080 8070
5081 1822
5082 1729
5083 7199
5084 8040
5085 1237
5086 2138
5087 7634
5088 3548
5089 6419
5090 5559
5091 3018
5092 2224
5093 5318
5094 4140
5095 724
5096 2621
5097 1690
5098 7098
5099 142
5100 3689
5101 3347
5102 6365
5103 3129
5104 5714
5105 1124
5106 3744
5107 3492
5108 2397
5109 7996
5110 6227
5111 5347
5112 3924
5113 8142
5114 1086
5115 7424
5116 4784
5117 4392
5118 261
5119 7557
5120 2814
5121 6794
5122 5374
5123 7791
5124 370
5125 5716
5126 5006
5127 3369
5128 1683
5129 3582
5130 6335
5131 2946
5132 7672
5133 2862
5134 3527
5135 93
5136 5868
5137 3968
5138 3871
5139 6817
5140 200
5141 1555
5142 3271
5143 1648
5144 4776
5145 8110
5146 7760
5147 7819
5148 2585
5149 7556
5150 4273
5151 7846
5152 606
5153 2149
5154 3249
5155 1980
5156 6575
5157 5588
5158 492
5159 7225
5160 1014
5161 801
5162 4798
5163 5404
5164 235
5165 7352
5166 752
5167 1243
5168 3862
5169 6261
5170 6549
5171 7001
5172 2882
5173 7753
5174 2452
5175 5748
5176 5153
5177 557
5178 3776
5179 7116
5180 6415
5181 4565
5182 4059
5183 2949
5184 3380
5185 1600
5186 835
5187 3066
5188 2734
5189 7206
5190 3746
5191 4761
5192 2616
5193 8024
5194 7980
5195 3253
5196 2449
5197 6356
5198 4980
5199 4385
5200 5906
5201 4172
5202 7544
5203 5030
5204 1677
5205 1061
5206 3357
5207 1517
5208 887
5209 766
5210 5053
5211 3508
5212 1922
5213 1888
5214 1772
5215 4406
5216 7485
5217 8160
5218 351
5219 4725
5220 7603
5221 7401
5222 6310
5223 5247
5224 2524
5225 1258
5226 4862
5227 4154
5228 2878
5229 7251
5230 1205
5231 8096
5232 1173
5233 1913
5234 6638
5235 1006
5236 930
5237 2187
5238 2828
5239 6070
5240 4826
5241 6859
5242 5831
5243 2967
5244 130
5245 5447
5246 5523
5247 5071
5248 3135
5249 1444
5250 3255
5251 1665
5252 332
5253 6560
5254 3174
5255 404
5256 3614
5257 3362
5258 795
5259 2913
5260 3728
5261 973
5262 6043
5263 3401
5264 6977
5265 5764
5266 3707
5267 6887
5268 7700
5269 508
5270 7926
5271 7752
5272 6069
5273 4717
5274 2157
5275 4476
5276 5724
5277 2277
5278 605
5279 4299
5280 5233
5281 7891
5282 7062
5283 1121
5284 8069
5285 127
5286 1389
5287 5600
5288 5575
5289 5820
5290 1681
5291 657
5292 3189
5293 1616
5294 5029
5295 2985
5296 918
5297 2861
5298 269
5299 611
5300 2507
5301 7528
5302 3429
5303 2477
5304 8149
5305 197
5306 571
5307 7087
5308 5390
5309 2118
5310 1806
5311 3949
5312 6843
5313 1713
5314 1011
5315 7778
5316 5774
5317 1565
5318 7590
5319 6954
5320 3320
5321 5986
5322 4806
5323 6494
5324 1264
5325 7539
5326 7626
5327 6021
5328 3866
5329 5004
5330 3230
5331 2628
5332 6519
5333 2606
5334 8140
5335 7015
5336 3523
5337 2044
5338 3788
5339 2237
5340 7666
5341 2360
5342 8026
5343 5616
5344 592
5345 5168
5346 4454
5347 2900
5348 3484
5349 3973
5350 6856
5351 1684
5352 5689
5353 234
5354 7065
5355 2983
5356 1999
5357 1752
5358 935
5359 148
5360 3632
5361 2956
5362 7745
5363 2136
5364 1225
5365 3585
5366 2457
5367 5305
5368 7850
5369 1143
5370 2898
5371 4977
5372 1918
5373 2432
5374 7027
5375 294
5376 3021
5377 8176
5378 4471
5379 6546
5380 3141
5381 5445
5382 6607
5383 2705
5384 7443
5385 7585
5386 5786
5387 7410
5388 267
5389 7987
5390 7143
5391 6006
5392 3258
5393 5963
5394 5196
5395 617
5396 5147
5397 6260
5398 1177
5399 484
5400 3954
5401 4766
5402 3091
5403 3869
5404 4254
5405 1990
5406 5289
5407 3056
5408 4854
5409 5685
5410 5530
5411 6928
5412 5778
5413 2420
5414 4410
5415 1495
5416 7911
5417 2854
5418 5123
5419 2062
5420 6421
5421 3145
5422 392
5423 537
5424 4339
5425 6483
5426 3702
5427 4458
5428 1388
5429 7808
5430 4217
5431 3530
5432 5255
5433 8061
5434 6275
5435 7524
5436 7347
5437 2523
5438 7747
5439 175
5440 7983
5441 2442
5442 1306
5443 1786
5444 5439
5445 4539
5446 7568
5447 6389
5448 719
5449 3749
5450 7837
5451 7698
5452 633
5453 3252
5454 499
5455 5231
5456 2787
5457 5370
5458 5952
5459 458
5460 4646
5461 4208
5462 5706
5463 6194
5464 6706
5465 5089
5466 2292
5467 7905
5468 7379
5469 6256
5470 5568
5471 4390
5472 5630
5473 1930
5474 4958
5475 3185
5476 7247
5477 2183
5478 7577
5479 4912
5480 1671
5481 4073
5482 7695
5483 6730
5484 5740
5485 3496
5486 7809
5487 5348
5488 2313
5489 37
5490 556
5491 7598
5492 7097
5493 6482
5494 4030
5495 3032
5496 2694
5497 8077
5498 241
5499 4613
5500 1889
5501 2881
5502 363
5503 1544
5504 7303
5505 7560
5506 7059
5507 1293
5508 2280
5509 1234
5510 6131
5511 2745
5512 2850
5513 4765
5514 7523
5515 7099
5516 6992
5517 1174
5518 1961
5519 8115
5520 6249
5521 5584
5522 6064
5523 2011
5524 6666
5525 3521
5526 3197
5527 1792
5528 4013
5529 4839
5530 6770
5531 6399
5532 7488
5533 1383
5534 6514
5535 2448
5536 1842
5537 1650
5538 3549
5539 52
5540 5340
5541 4065
5542 4120
5543 6591
5544 1579
5545 7315
5546 1927
5547 7810
5548 6176
5549 6316
5550 5008
5551 8158
5552 6658
5553 6204
5554 7354
5555 1427
5556 3006
5557 4178
5558 5637
5559 326
5560 444
5561 7075
5562 6280
5563 4619
5564 3975
5565 3873
5566 975
5567 570
5568 3195
5569 1997
5570 5779
5571 2810
5572 5419
5573 500
5574 4718
5575 5614
5576 5672
5577 6646
5578 678
5579 4408
5580 1414
5581 3775
5582 7646
5583 152
5584 6352
5585 4264
5586 4650
5587 6063
5588 8071
5589 3409
5590 5913
5591 702
5592 5641
5593 823
5594 3703
5595 7175
5596 1279
5597 1742
5598 8092
5599 607
5600 1191
5601 1028
5602 1893
5603 6394
5604 5877
5605 4364
5606 7633
5607 2067
5608 2265
5609 1247
5610 5944
5611 4924
5612 6550
5613 8006
5614 2345
5615 7212
5616 6234
5617 3974
5618 6748
5619 4500
5620 1000
5621 4167
5622 5918
5623 5487
5624 71
5625 4968
5626 5572
5627 3475
5628 3809
5629 3532
5630 3756
5631 3219
5632 6782
5633 6652
5634 7951
5635 1187
5636 2081
5637 5172
5638 7345
5639 5844
5640 805
5641 471
5642 4107
5643 358
5644 4327
5645 2968
5646 5041
5647 5966
5648 2513
5649 2271
5650 2759
5651 6484
5652 4973
5653 6026
5654 5472
5655 2677
5656 1568
5657 5811
5658 2402
5659 7166
5660 2890
5661 7817
5662 4884
5663 4194
5664 6690
5665 1942
5666 4113
5667 3087
5668 2174
5669 7377
5670 1976
5671 1876
5672 6361
5673 5838
5674 1410
5675 7419
5676 938
5677 5051
5678 1181
5679 369
5680 3133
5681 6154
5682 3616
5683 5983
5684 2008
5685 3418
5686 3210
5687 8109
5688 328
5689 6309
5690 7972
5691 3578
5692 1969
5693 5339
5694 5195
5695 477
5696 1040
5697 2805
5698 4128
5699 2695
5700 7717
5701 3930
5702 2931
5703 5454
5704 6031
5705 5239
5706 6102
5707 7331
5708 3656
5709 7593
5710 1424
5711 6663
5712 936
5713 5528
5714 7230
5715 1213
5716 4190
5717 4257
5718 2338
5719 5331
5720 8017
5721 3801
5722 761
5723 4481
5724 5421
5725 818
5726 4579
5727 2991
5728 2875
5729 454
5730 7385
5731 3774
5732 62
5733 4659
5734 5476
5735 6388
5736 6467
5737 4744
5738 941
5739 5760
5740 4185
5741 4701
5742 5270
5743 4625
5744 6789
5745 3170
5746 1336
5747 6914
5748 1165
5749 4398
5750 1476
5751 2670
5752 6126
5753 7357
5754 7434
5755 1141
5756 6846
5757 5382
5758 4978
5759 1255
5760 7796
5761 187
5762 4685
5763 7196
5764 2422
5765 6169
5766 5819
5767 6022
5768 5423
5769 72
5770 3076
5771 3568
5772 3390
5773 1571
5774 4711
5775 7157
5776 811
5777 232
5778 6401
5779 4644
5780 7425
5781 3646
5782 4554
5783 7402
5784 5625
5785 7690
5786 5990
5787 8155
5788 6777
5789 2529
5790 4522
5791 4155
5792 4402
5793 1915
5794 3792
5795 2996
5796 645
5797 5892
5798 7260
5799 2214
5800 4198
5801 3314
5802 23
5803 6983
5804 3536
5805 6862
5806 7816
5807 755
5808 928
5809 1728
5810 2784
5811 1329
5812 3206
5813 1216
5814 254
5815 342
5816 2673
5817 5356
5818 7084
5819 3175
5820 5554
5821 1896
5822 6657
5823 7478
5824 7366
5825 7204
5826 846
5827 1188
5828 1390
5829 7901
5830 6196
5831 3691
5832 6377
5833 758
5834 6993
5835 2645
5836 3785
5837 27
5838 7947
5839 1943
5840 2239
5841 6829
5842 7541
5843 2421
5844 7229
5845 6581
5846 7100
5847 1315
5848 5467
5849 4104
5850 7365
5851 6727
5852 860
5853 3041
5854 2506
5855 984
5856 2550
5857 3994
5858 5036
5859 2192
5860 137
5861 2642
5862 5934
5863 6995
5864 1447
5865 1717
5866 4269
5867 5692
5868 2424
5869 788
5870 4586
5871 7227
5872 3650
5873 643
5874 1821
5875 1644
5876 910
5877 7811
5878 2163
5879 6257
5880 5001
5881 5113
5882 4389
5883 3768
5884 2483
5885 3048
5886 4314
5887 3311
5888 3503
5889 4677
5890 136
5891 2018
5892 6393
5893 7019
5894 6101
5895 3796
5896 3823
5897 5544
5898 2821
5899 7383
5900 6815
5901 7165
5902 1096
5903 1167
5904 3016
5905 5329
5906 2170
5907 7307
5908 854
5909 1836
5910 8067
5911 817
5912 4612
5913 5899
5914 2639
5915 4775
5916 4098
5917 2899
5918 472
5919 4737
5920 3166
5921 7776
5922 1229
5923 3534
5924 1271
5925 5583
5926 2003
5927 1531
5928 8127
5929 6989
5930 1956
5931 1716
5932 587
5933 6036
5934 6961
5935 2300
5936 5757
5937 1594
5938 6106
5939 2079
5940 77
5941 4759
5942 5079
5943 7131
5944 4469
5945 3269
5946 412
5947 2798
5948 5988
5949 2933
5950 5307
5951 6469
5952 1081
5953 7893
5954 618
5955 5688
5956 2255
5957 5735
5958 7755
5959 3993
5960 958
5961 89
5962 5185
5963 1422
5964 1944
5965 5847
5966 8056
5967 1542
5968 3116
5969 6818
5970 7022
5971 4224
5972 3697
5973 146
5974 6213
5975 2383
5976 445
5977 4874
5978 4513
5979 17
5980 3447
5981 2190
5982 2847
5983 39
5984 4103
5985 418
5986 6189
5987 4949
5988 2947
5989 2441
5990 3019
5991 6693
5992 1801
5993 7110
5994 3867
5995 2308
5996 4286
5997 6107
5998 1872
5999 3836
6000 7044
6001 512
6002 3557
6003 4452
6004 6912
6005 6973
6006 6944
6007 87
6008 1508
6009 3961
6010 1847
6011 2556
6012 4865
6013 9
6014 245
6015 5164
6016 7161
6017 6203
6018 4748
6019 6155
6020 1439
6021 7498
6022 3819
6023 4429
6024 3732
6025 6559
6026 6793
6027 7134
6028 3395
6029 120
6030 1558
6031 5072
6032 2343
6033 6871
6034 1768
6035 6017
6036 2254
6037 4121
6038 381
6039 3857
6040 2052
6041 2535
6042 3163
6043 360
6044 2613
6045 3927
6046 7000
6047 1925
6048 547
6049 497
6050 206
6051 5139
6052 3250
6053 7448
6054 8033
6055 5369
6056 3790
6057 2454
6058 1210
6059 2333
6060 5806
6061 5091
6062 1339
6063 8139
6064 7821
6065 1601
6066 733
6067 5511
6068 4697
6069 3176
6070 1318
6071 485
6072 2515
6073 5708
6074 1384
6075 5042
6076 1765
6077 371
6078 5955
6079 1947
6080 2371
6081 3281
6082 1105
6083 5739
6084 6085
6085 1131
6086 841
6087 7330
6088 2922
6089 16
6090 7609
6091 4422
6092 4673
6093 6158
6094 3612
6095 8177
6096 6816
6097 2840
6098 2801
6099 6759
6100 1932
6101 4724
6102 7432
6103 5513
6104 5577
6105 6579
6106 6112
6107 966
6108 862
6109 1647
6110 2113
6111 4983
6112 4156
6113 6445
6114 2688
6115 6300
6116 6682
6117 673
6118 7466
6119 7499
6120 1446
6121 1935
6122 5064
6123 2522
6124 3892
6125 1135
6126 4232
6127 1741
6128 721
6129 459
6130 3227
6131 1209
6132 3324
6133 4531
6134 6659
6135 7520
6136 6942
6137 6539
6138 4270
6139 1524
6140 3822
6141 6363
6142 2567
6143 5859
6144 7047
6145 4488
6146 3717
6147 521
6148 6755
6149 4925
6150 5538
6151 5081
6152 4723
6153 6909
6154 4306
6155 7207
6156 2066
6157 3581
6158 5337
6159 5388
6160 4419
6161 3934
6162 5647
6163 4095
6164 339
6165 6627
6166 3368
6167 2811
6168 529
6169 2240
6170 1407
6171 2021
6172 7877
6173 1493
6174 1180
6175 5726
6176 3457
6177 289
6178 1994
6179 5531
6180 6455
6181 7068
6182 4561
6183 260
6184 157
6185 6707
6186 7645
6187 7979
6188 4347
6189 8161
6190 5031
6191 927
6192 2684
6193 6068
6194 7769
6195 1504
6196 7294
6197 7699
6198 4133
6199 3667
6200 3456
6201 3812
6202 2361
6203 7362
6204 2386
6205 3878
6206 750
6207 256
6208 2909
6209 1815
6210 610
6211 961
6212 1164
6213 5200
6214 2654
6215 5846
6216 1638
6217 2482
6218 3288
6219 5232
6220 7412
6221 5957
6222 2982
6223 7279
6224 3436
6225 1528
6226 475
6227 6667
6228 6836
6229 7095
6230 6182
6231 3119
6232 4336
6233 313
6234 7149
6235 4550
6236 7063
6237 7309
6238 5132
6239 951
6240 7451
6241 1967
6242 4086
6243 6033
6244 6248
6245 2790
6246 1263
6247 624
6248 1991
6249 1810
6250 5396
6251 695
6252 5781
6253 5624
6254 3804
6255 2636
6256 4523
6257 1857
6258 5313
6259 4160
6260 4046
6261 3948
6262 7914
6263 4906
6264 330
6265 5980
6266 6027
6267 4183
6268 6527
6269 7107
6270 4497
6271 889
6272 7701
6273 7026
6274 3669
6275 5805
6276 7727
6277 427
6278 1380
6279 4108
6280 2904
6281 6976
6282 4601
6283 783
6284 6184
6285 1614
6286 3229
6287 6880
6288 5424
6289 4318
6290 4018
6291 4928
6292 4533
6293 3303
6294 104
6295 7428
6296 1203
6297 3036
6298 2640
6299 3528
6300 8165
6301 4349
6302 5915
6303 7082
6304 419
6305 2436
6306 7578
6307 784
6308 3977
6309 6893
6310 2903
6311 3902
6312 20
6313 4867
6314 3769
6315 3736
6316 2459
6317 1419
6318 1321
6319 301
6320 4575
6321 4069
6322 1127
6323 1754
6324 5580
6325 6163
6326 6998
6327 5448
6328 6468
6329 5286
6330 1377
6331 6648
6332 1696
6333 3022
6334 3180
6335 170
6336 46
6337 3061
6338 8019
6339 7725
6340 2554
6341 2831
6342 7200
6343 5628
6344 7373
6345 1578
6346 1110
6347 7789
6348 1175
6349 5075
6350 2020
6351 3494
6352 7835
6353 1219
6354 3354
6355 2
6356 4463
6357 6485
6358 7565
6359 149
6360 5567
6361 1307
6362 5681
6363 3683
6364 7604
6365 532
6366 1705
6367 4148
6368 6147
6369 591
6370 4654
6371 704
6372 124
6373 8157
6374 7346
6375 4896
6376 7820
6377 4266
6378 7746
6379 5876
6380 7408
6381 4099
6382 1400
6383 6197
6384 74
6385 4964
6386 3478
6387 6475
6388 4221
6389 5474
6390 1437
6391 6265
6392 345
6393 7774
6394 2091
6395 4173
6396 7192
6397 5967
6398 3046
6399 3613
6400 7518
6401 564
6402 2414
6403 5350
6404 5019
6405 1789
6406 6012
6407 323
6408 4068
6409 6779
6410 7039
6411 6544
6412 3787
6413 3751
6414 3564
6415 2042
6416 506
6417 4695
6418 2534
6419 5479
6420 3890
6421 6921
6422 3052
6423 2013
6424 1937
6425 5874
6426 7997
6427 6886
6428 3282
6429 7576
6430 1726
6431 7600
6432 7829
6433 7430
6434 5341
6435 1550
6436 4058
6437 6465
6438 1347
6439 1381
6440 585
6441 4447
6442 3104
6443 2200
6444 4691
6445 6007
6446 3260
6447 4514
6448 4551
6449 2902
6450 762
6451 896
6452 3886
6453 5668
6454 3979
6455 5076
6456 7643
6457 2503
6458 4794
6459 7682
6460 1778
6461 2290
6462 2456
6463 8124
6464 947
6465 1886
6466 1201
6467 7939
6468 6405
6469 4256
6470 6088
6471 6582
6472 1088
6473 501
6474 1320
6475 7117
6476 4335
6477 3895
6478 3366
6479 2341
6480 1443
6481 767
6482 4283
6483 3715
6484 864
6485 636
6486 5078
6487 5797
6488 2495
6489 4368
6490 110
6491 4909
6492 6345
6493 6177
6494 1212
6495 8151
6496 3539
6497 4857
6498 335
6499 3630
6500 2970
6501 3043
6502 5345
6503 1261
6504 7610
6505 7318
6506 6736
6507 2818
6508 4581
6509 1828
6510 7806
6511 1580
6512 6510
6513 1618
6514 5636
6515 4179
6516 6996
6517 5784
6518 2124
6519 5504
6520 6277
6521 6907
6522 2236
6523 7018
6524 306
6525 4042
6526 2331
6527 4745
6528 3807
6529 3305
6530 4990
6531 648
6532 2737
6533 2989
6534 5563
6535 7484
6536 4200
6537 8100
6538 1689
6539 4353
6540 2135
6541 4468
6542 7707
6543 6225
6544 7125
6545 6621
6546 730
6547 6543
6548 5653
6549 4908
6550 6965
6551 904
6552 5429
6553 1217
6554 7848
6555 5723
6556 995
6557 2465
6558 8023
6559 3863
6560 1420
6561 6588
6562 7376
6563 7436
6564 6897
6565 2380
6566 5791
6567 674
6568 2858
6569 3554
6570 7108
6571 4996
6572 246
6573 1072
6574 6505
6575 8111
6576 3000
6577 4166
6578 4292
6579 6987
6580 5190
6581 1044
6582 1193
6583 4411
6584 542
6585 2802
6586 4321
6587 3228
6588 7495
6589 7658
6590 1118
6591 6689
6592 5940
6593 2069
6594 3733
6595 6831
6596 4795
6597 2106
6598 3852
6599 1891
6600 19
6601 4438
6602 7102
6603 3945
6604 1453
6605 3559
6606 2039
6607 1195
6608 7124
6609 6411
6610 1557
6611 5798
6612 3334
6613 2395
6614 2655
6615 4863
6616 237
6617 7080
6618 5509
6619 2624
6620 1979
6621 1417
6622 7871
6623 6628
6624 6864
6625 7644
6626 4407
6627 4003
6628 7049
6629 847
6630 5000
6631 637
6632 874
6633 1910
6634 2961
6635 1812
6636 8101
6637 3326
6638 5904
6639 3079
6640 5768
6641 2297
6642 3524
6643 4618
6644 5715
6645 6873
6646 7763
6647 3187
6648 452
6649 3713
6650 7172
6651 1102
6652 5427
6653 914
6654 5363
6655 608
6656 4750
6657 1223
6658 5464
6659 7355
6660 5011
6661 7551
6662 29
6663 3306
6664 321
6665 5558
6666 6865
6667 6833
6668 99
6669 3010
6670 3802
6671 1841
6672 5296
6673 5066
6674 4219
6675 5119
6676 4177
6677 7761
6678 2268
6679 6250
6680 4076
6681 3722
6682 7468
6683 1448
6684 6430
6685 5999
6686 22
6687 3664
6688 969
6689 3280
6690 1621
6691 6569
6692 4478
6693 6340
6694 3432
6695 2245
6696 1894
6697 6655
6698 2025
6699 6920
6700 6143
6701 5901
6702 3719
6703 2615
6704 2337
6705 6251
6706 84
6707 5133
6708 4558
6709 2994
6710 703
6711 4592
6712 3601
6713 7056
6714 4929
6715 4822
6716 433
6717 57
6718 2589
6719 4433
6720 8047
6721 5686
6722 1348
6723 322
6724 1587
6725 7786
6726 1371
6727 4998
6728 1401
6729 1723
6730 6536
6731 623
6732 6761
6733 7378
6734 7118
6735 1018
6736 1196
6737 2208
6738 493
6739 5080
6740 1966
6741 5228
6742 1611
6743 5171
6744 2502
6745 1525
6746 3037
6747 4905
6748 518
6749 3423
6750 4272
6751 4948
6752 3247
6753 7714
6754 5384
6755 1357
6756 4404
6757 3762
6758 5848
6759 3188
6760 1029
6761 6604
6762 5634
6763 2284
6764 3086
6765 5109
6766 4462
6767 4564
6768 1154
6769 7779
6770 7291
6771 7216
6772 6644
6773 316
6774 1396
6775 7489
6776 1272
6777 3120
6778 2175
6779 4593
6780 6170
6781 3291
6782 4674
6783 824
6784 1735
6785 2533
6786 6376
6787 1984
6788 4635
6789 4196
6790 1660
6791 3879
6792 8068
6793 1955
6794 2939
6795 2132
6796 2852
6797 228
6798 1273
6799 1563
6800 534
6801 2344
6802 5273
6803 2612
6804 8170
6805 5578
6806 5814
6807 7852
6808 5243
6809 1697
6810 4081
6811 5835
6812 1046
6813 7114
6814 2019
6815 827
6816 1804
6817 4907
6818 32
6819 1540
6820 2545
6821 2666
6822 4866
6823 4399
6824 3184
6825 6192
6826 6216
6827 3388
6828 2095
6829 5244
6830 6020
6831 1740
6832 4536
6833 1200
6834 2252
6835 215
6836 6571
6837 3884
6838 3001
6839 4243
6840 581
6841 1502
6842 4752
6843 3323
6844 4298
6845 6323
6846 5151
6847 4713
6848 3653
6849 5604
6850 1951
6851 3468
6852 1227
6853 5939
6854 5229
6855 2171
6856 6970
6857 7964
6858 7836
6859 8031
6860 5357
6861 219
6862 329
6863 5520
6864 193
6865 7925
6866 6854
6867 7053
6868 1908
6869 6375
6870 7570
6871 3208
6872 5070
6873 1129
6874 7079
6875 7510
6876 2559
6877 6762
6878 1218
6879 2346
6880 6622
6881 4640
6882 3244
6883 6592
6884 83
6885 681
6886 2226
6887 7258
6888 1790
6889 2273
6890 4722
6891 3963
6892 7683
6893 5763
6894 3072
6895 3925
6896 5953
6897 5879
6898 4126
6899 7197
6900 4788
6901 5334
6902 347
6903 5649
6904 7656
6905 4606
6906 6834
6907 6369
6908 3894
6909 1059
6910 2819
6911 479
6912 1612
6913 1146
6914 1023
6915 2732
6916 6029
6917 1854
6918 4287
6919 1314
6920 7856
6921 3518
6922 5194
6923 5787
6924 4031
6925 257
6926 2706
6927 2364
6928 4165
6929 2078
6930 7300
6931 7064
6932 1106
6933 3972
6934 780
6935 5557
6936 5671
6937 4134
6938 2105
6939 1617
6940 2987
6941 5088
6942 5502
6943 1233
6944 7742
6945 979
6946 285
6947 1440
6948 3327
6949 6640
6950 4805
6951 5916
6952 2233
6953 2771
6954 4899
6955 4202
6956 5285
6957 1130
6958 8185
6959 2027
6960 5886
6961 5651
6962 2357
6963 5694
6964 6019
6965 4066
6966 4666
6967 5607
6968 5386
6969 1471
6970 772
6971 4791
6972 3248
6973 7953
6974 94
6975 2610
6976 244
6977 6400
6978 2143
6979 2229
6980 3435
6981 6986
6982 4763
6983 1826
6984 2720
6985 2060
6986 3644
6987 6619
6988 5922
6989 279
6990 8164
6991 3279
6992 4629
6993 3028
6994 3050
6995 2490
6996 5517
6997 4922
6998 5301
6999 5587
7000 7622
7001 3356
7002 7931
7003 6138
7004 4590
7005 596
7006 1016
7007 3858
7008 5085
7009 2159
7010 4557
7011 2917
7012 6328
7013 5564
7014 5832
7015 6011
7016 3939
7017 3679
7018 7382
7019 6574
7020 7208
7021 924
7022 6435
7023 495
7024 5379
7025 789
7026 740
7027 3739
7028 6294
7029 5118
7030 7678
7031 2487
7032 6822
7033 4145
7034 701
7035 1395
7036 5145
7037 8136
7038 1117
7039 320
7040 5938
7041 6890
7042 5166
7043 5236
7044 7815
7045 3940
7046 3989
7047 7398
7048 6676
7049 6701
7050 6740
7051 5210
7052 7588
7053 6462
7054 4333
7055 5830
7056 3967
7057 2110
7058 5666
7059 2443
7060 8078
7061 5095
7062 1274
7063 302
7064 4686
7065 3491
7066 4494
7067 2048
7068 4920
7069 7482
7070 4545
7071 871
7072 4598
7073 6720
7074 4117
7075 3637
7076 5619
7077 7949
7078 6699
7079 1497
7080 6286
7081 1993
7082 7025
7083 1703
7084 2697
7085 1588
7086 7532
7087 5690
7088 4651
7089 5400
7090 307
7091 1643
7092 111
7093 3026
7094 5152
7095 7741
7096 5943
7097 2270
7098 437
7099 398
7100 1382
7101 5776
7102 2481
7103 6055
7104 4818
7105 4421
7106 4756
7107 5661
7108 7607
7109 6104
7110 7854
7111 3714
7112 7480
7113 6487
7114 1995
7115 6713
7116 3221
7117 7506
7118 1235
7119 616
7120 2512
7121 4966
7122 480
7123 5582
7124 4444
7125 1194
7126 5314
7127 4699
7128 1092
7129 1536
7130 63
7131 1672
7132 7804
7133 1873
7134 4589
7135 2258
7136 2301
7137 869
7138 4801
7139 6678
7140 1607
7141 4546
7142 5477
7143 3918
7144 1507
7145 126
7146 2492
7147 1933
7148 160
7149 5237
7150 6406
7151 7281
7152 2849
7153 3008
7154 4499
7155 3239
7156 3556
7157 1877
7158 5839
7159 4072
7160 4861
7161 6939
7162 7777
7163 1041
7164 5994
7165 1186
7166 5803
7167 7814
7168 7321
7169 7519
7170 5676
7171 3287
7172 1938
7173 3913
7174 2600
7175 5094
7176 494
7177 3318
7178 4933
7179 1103
7180 4010
7181 3677
7182 6979
7183 7765
7184 3173
7185 3555
7186 5566
7187 8154
7188 3152
7189 4570
7190 451
7191 1404
7192 3950
7193 1627
7194 7311
7195 2597
7196 2356
7197 1720
7198 1345
7199 3642
7200 8133
7201 8015
7202 2508
7203 158
7204 2672
7205 5932
7206 7182
7207 6367
7208 5484
7209 7773
7210 2555
7211 1770
7212 4437
7213 349
7214 6208
7215 3433
7216 3103
7217 6142
7218 1406
7219 3529
7220 2471
7221 7680
7222 3013
7223 6852
7224 2103
7225 3647
7226 2662
7227 3343
7228 7159
7229 4792
7230 5306
7231 2746
7232 2243
7233 6480
7234 3136
7235 55
7236 2540
7237 5881
7238 1635
7239 6426
7240 8156
7241 1724
7242 1405
7243 2068
7244 664
7245 6398
7246 402
7247 4600
7248 4350
7249 7403
7250 278
7251 2463
7252 7073
7253 373
7254 4704
7255 7201
7256 498
7257 2377
7258 6060
7259 6951
7260 5335
7261 7601
7262 7458
7263 7935
7264 2920
7265 1736
7266 7104
7267 2962
7268 4680
7269 4787
7270 6492
7271 174
7272 252
7273 2686
7274 2355
7275 2766
7276 6037
7277 354
7278 7627
7279 3824
7280 5274
7281 4239
7282 2169
7283 5137
7284 6199
7285 6838
7286 6093
7287 4498
7288 5962
7289 7455
7290 3101
7291 3319
7292 7869
7293 6318
7294 1992
7295 8192
7296 4637
7297 7950
7298 2389
7299 3695
7300 3932
7301 4689
7302 3191
7303 5941
7304 3904
7305 5704
7306 4342
7307 7176
7308 1570
7309 5621
7310 544
7311 3293
7312 1430
7313 2205
7314 968
7315 1251
7316 2164
7317 3545
7318 139
7319 3764
7320 5867
7321 4009
7322 6724
7323 3721
7324 5395
7325 2778
7326 7465
7327 2641
7328 7602
7329 3839
7330 2494
7331 5059
7332 49
7333 1431
7334 4556
7335 2975
7336 3814
7337 3876
7338 1082
7339 1162
7340 2891
7341 5160
7342 1341
7343 836
7344 6
7345 3657
7346 1591
7347 1316
7348 4025
7349 3678
7350 5602
7351 8034
7352 7927
7353 6074
7354 3458
7355 3307
7356 4836
7357 7350
7358 1287
7359 3841
7360 1714
7361 7757
7362 7549
7363 7133
7364 2406
7365 4919
7366 4796
7367 1039
7368 4705
7369 5864
7370 5092
7371 3784
7372 6747
7373 1547
7374 3430
7375 595
7376 8052
7377 2249
7378 2195
7379 5026
7380 8143
7381 990
7382 5753
7383 6172
7384 6609
7385 2866
7386 2774
7387 7271
7388 845
7389 7112
7390 5508
7391 4519
7392 2747
7393 374
7394 227
7395 3353
7396 6437
7397 5618
7398 1190
7399 4289
7400 3142
7401 5553
7402 6121
7403 5032
7404 728
7405 4698
7406 264
7407 5590
7408 5841
7409 6700
7410 7766
7411 5931
7412 1701
7413 1002
7414 2591
7415 486
7416 2928
7417 5492
7418 4067
7419 2040
7420 4326
7421 7830
7422 1649
7423 140
7424 1679
7425 4143
7426 231
7427 7454
7428 6390
7429 5642
7430 2497
7431 5601
7432 7502
7433 5073
7434 1817
7435 1356
7436 4987
7437 791
7438 7677
7439 7413
7440 6683
7441 652
7442 5380
7443 2261
7444 7002
7445 5788
7446 6917
7447 3192
7448 2633
7449 1572
7450 4305
7451 4169
7452 6745
7453 2017
7454 4576
7455 631
7456 2379
7457 6173
7458 1948
7459 5316
7460 309
7461 894
7462 6124
7463 2836
7464 4008
7465 3745
7466 4913
7467 660
7468 7046
7469 1355
7470 7287
7471 2332
7472 3443
7473 1743
7474 6933
7475 2879
7476 4562
7477 3986
7478 5412
7479 7431
7480 2596
7481 1097
7482 109
7483 4802
7484 1950
7485 1774
7486 1639
7487 538
7488 3781
7489 298
7490 5824
7491 5593
7492 7573
7493 1030
7494 3392
7495 2629
7496 2409
7497 6735
7498 6616
7499 2276
7500 3711
7501 775
7502 6840
7503 7275
7504 5992
7505 3966
7506 1879
7507 6464
7508 6289
7509 1641
7510 7675
7511 7715
7512 4587
7513 7210
7514 7072
7515 2930
7516 238
7517 694
7518 4302
7519 4712
7520 3351
7521 4147
7522 3485
7523 7494
7524 6215
7525 6551
7526 1319
7527 7093
7528 5097
7529 3666
7530 5039
7531 5161
7532 4831
7533 90
7534 3795
7535 2793
7536 7726
7537 2387
7538 7218
7539 7876
7540 3569
7541 7368
7542 247
7543 5343
7544 6957
7545 5377
7546 2126
7547 3757
7548 7924
7549 1909
7550 982
7551 2251
7552 5808
7553 4227
7554 7505
7555 4991
7556 4885
7557 3341
7558 5087
7559 3272
7560 946
7561 3385
7562 3942
7563 3565
7564 5858
7565 101
7566 3476
7567 288
7568 6230
7569 6183
7570 650
7571 1788
7572 7988
7573 7902
7574 5280
7575 2659
7576 3844
7577 5773
7578 6508
7579 4238
7580 7847
7581 7409
7582 6443
7583 6680
7584 2193
7585 1076
7586 4641
7587 717
7588 4568
7589 3888
7590 4440
7591 2041
7592 229
7593 2758
7594 4338
7595 2223
7596 3100
7597 2892
7598 7533
7599 7094
7600 1755
7601 2972
7602 272
7603 6851
7604 6067
7605 8082
7606 3023
7607 7799
7608 483
7609 7441
7610 1833
7611 6408
7612 4285
7613 4000
7614 6811
7615 540
7616 3889
7617 5608
7618 5586
7619 2717
7620 1637
7621 5107
7622 6564
7623 5251
7624 6910
7625 1063
7626 3752
7627 420
7628 5167
7629 2916
7630 2646
7631 1108
7632 4242
7633 3794
7634 7586
7635 3990
7636 6746
7637 6210
7638 3898
7639 3137
7640 7490
7641 6040
7642 3406
7643 2829
7644 8083
7645 945
7646 242
7647 7844
7648 7936
7649 3463
7650 7257
7651 1934
7652 7667
7653 7984
7654 5979
7655 30
7656 2768
7657 7353
7658 2581
7659 3265
7660 1764
7661 1268
7662 5245
7663 7522
7664 7081
7665 6339
7666 2839
7667 4474
7668 8079
7669 4495
7670 3562
7671 6805
7672 400
7673 1892
7674 67
7675 1352
7676 5425
7677 8014
7678 5309
7679 5648
7680 1975
7681 1707
7682 1483
7683 7461
7684 5728
7685 1095
7686 1286
7687 3070
7688 2691
7689 3140
7690 2037
7691 1015
7692 926
7693 310
7694 4414
7695 6174
7696 1374
7697 787
7698 3960
7699 1936
7700 2473
7701 2090
7702 8167
7703 895
7704 6813
7705 337
7706 3403
7707 7497
7708 1890
7709 1599
7710 7948
7711 4370
7712 5336
7713 1620
7714 1434
7715 7341
7716 6721
7717 6531
7718 7464
7719 3991
7720 4451
7721 6198
7722 2699
7723 1546
7724 6601
7725 6255
7726 7253
7727 2378
7728 5898
7729 7749
7730 5180
7731 1488
7732 7381
7733 291
7734 970
7735 4056
7736 3906
7737 6349
7738 2601
7739 3122
7740 255
7741 4631
7742 6200
7743 2700
7744 1337
7745 7790
7746 504
7747 7250
7748 3652
7749 5883
7750 5201
7751 580
7752 2971
7753 5591
7754 2303
7755 3007
7756 3159
7757 2806
7758 5099
7759 3983
7760 4527
7761 3607
7762 744
7763 2923
7764 2146
7765 2586
7766 4097
7767 6344
7768 634
7769 1087
7770 5358
7771 986
7772 2024
7773 7337
7774 6731
7775 172
7776 3014
7777 7136
7778 7813
7779 447
7780 1843
7781 6849
7782 1718
7783 4448
7784 3919
7785 7055
7786 303
7787 4354
7788 5518
7789 6432
7790 5333
7791 7780
7792 1577
7793 1392
7794 4628
7795 6030
7796 8074
7797 3441
7798 6282
7799 5215
7800 1298
7801 3214
7802 7740
7803 3661
7804 5373
7805 848
7806 7367
7807 2650
7808 7273
7809 6535
7810 899
7811 2437
7812 2908
7813 6990
7814 4258
7815 6424
7816 2860
7817 3754
7818 5539
7819 4388
7820 669
7821 1008
7822 5872
7823 1793
7824 2043
7825 2161
7826 8046
7827 4296
7828 2199
7829 7839
7830 2488
7831 7812
7832 6937
7833 4132
7834 1827
7835 2285
7836 4324
7837 745
7838 1393
7839 7395
7840 6267
7841 6738
7842 8108
7843 4768
7844 629
7845 2834
7846 4735
7847 2564
7848 4797
7849 5134
7850 7284
7851 3903
7852 4211
7853 7888
7854 5866
7855 2392
7856 1608
7857 4872
7858 2884
7859 7543
7860 2800
7861 372
7862 2296
7863 3097
7864 6129
7865 2716
7866 6839
7867 7862
7868 670
7869 1475
7870 7310
7871 2756
7872 7017
7873 3461
7874 1630
7875 1704
7876 1199
7877 7623
7878 1529
7879 3440
7880 6337
7881 6672
7882 806
7883 4860
7884 5303
7885 5162
7886 3531
7887 6867
7888 711
7889 4757
7890 7123
7891 2141
7892 3999
7893 5469
7894 7958
7895 4251
7896 2246
7897 7918
7898 3566
7899 4950
7900 380
7901 6767
7902 1631
7903 4074
7904 4715
7905 4020
7906 5718
7907 5327
7908 8027
7909 6524
7910 5490
7911 3923
7912 3315
7913 4363
7914 1214
7915 3454
7916 2943
7917 5457
7918 2986
7919 3386
7920 5295
7921 5230
7922 4665
7923 2185
7924 4903
7925 4325
7926 6130
7927 327
7928 2827
7929 6634
7930 2318
7931 5550
7932 5093
7933 2478
7934 41
7935 6279
7936 6336
7937 7266
7938 4720
7939 6743
7940 403
7941 509
7942 2620
7943 6792
7944 4819
7945 6179
7946 1856
7947 2064
7948 4486
7949 5279
7950 4596
7951 5705
7952 3700
7953 7328
7954 7832
7955 3748
7956 3460
7957 3256
7958 336
7959 2582
7960 8003
7961 5683
7962 3171
7963 4457
7964 2500
7965 4252
7966 5100
7967 2029
7968 4971
7969 2362
7970 5783
7971 6540
7972 1441
7973 2741
7974 3589
7975 2843
7976 1952
7977 1520
7978 2430
7979 4676
7980 2570
7981 1574
7982 2799
7983 7396
7984 684
7985 1664
7986 5581
7987 6117
7988 1215
7989 7657
7990 2546
7991 725
7992 7239
7993 3096
7994 2111
7995 4888
7996 3360
7997 5664
7998 3316
7999 6698
8000 3005
8001 7121
8002 2871
8003 2363
8004 5605
8005 384
8006 3911
8007 1640
8008 4157
8009 3640
8010 8113
8011 1325
8012 4630
8013 3465
8014 5436
8015 3487
8016 3264
8017 3553
8018 4915
8019 489
8020 7729
8021 2614
8022 6188
8023 5902
8024 4036
8025 953
8026 1125
8027 4706
8028 4672
8029 8090
8030 679
8031 5935
8032 4163
8033 6783
8034 7256
8035 1863
8036 1083
8037 4965
8038 2527
8039 1803
8040 555
8041 2059
8042 1480
8043 8059
8044 340
8045 4573
8046 3851
8047 2234
8048 243
8049 1629
8050 2714
8051 7784
8052 3510
8053 5052
8054 7959
8055 4162
8056 5021
8057 4470
8058 7088
8059 1058
8060 7215
8061 578
8062 5507
8063 3207
8064 42
8065 4883
8066 4323
8067 3673
8068 3830
8069 3854
8070 368
8071 6773
8072 1350
8073 802
8074 4052
8075 5451
8076 6433
8077 1435
8078 7748
8079 1468
8080 2032
8081 4168
8082 5746
8083 5695
8084 2940
8085 1949
8086 1378
8087 6889
8088 7407
8089 6409
8090 6232
8091 2153
8092 116
8093 2825
8094 5353
8095 5909
8096 7651
8097 7538
8098 6380
8099 7764
8100 5163
8101 5592
8102 526
8103 7974
8104 6547
8105 2399
8106 7674
8107 411
8108 1366
8109 2969
8110 2061
8111 6212
8112 5968
8113 6521
8114 2165
8115 3982
8116 5496
8117 6981
8118 7841
8119 8145
8120 2626
8121 6763
8122 8062
8123 4088
8124 4947
8125 3421
8126 4687
8127 2905
8128 1506
8129 6799
8130 5212
8131 551
8132 6293
8133 519
8134 5144
8135 5796
8136 6478
8137 8118
8138 2381
8139 3506
8140 6009
8141 6654
8142 6968
8143 50
8144 6828
8145 4743
8146 7422
8147 6533
8148 3944
8149 3051
8150 2921
8151 7255
8152 1220
8153 7334
8154 2520
8155 1512
8156 731
8157 7220
8158 7191
8159 6800
8160 3157
8161 7986
8162 3793
8163 7479
8164 8037
8165 6642
8166 1101
8167 6303
8168 6529
8169 4057
8170 3558
8171 15
8172 2544
8173 3382
8174 4362
8175 7054
8176 3535
8177 5441
8178 1179
8179 5596
8180 1221
8181 4214
8182 4262
8183 7129
8184 8064
8185 4027
8186 1064
8187 7686
8188 7897
8189 3938
8190 7783
8191 983
8192 6530
