1 31
2 1443
3 1965
4 300
5 695
6 55
7 861
8 1019
9 251
10 1136
11 1387
12 1536
13 603
14 421
15 158
16 1837
17 1290
18 736
19 379
20 1054
21 1674
22 449
23 1974
24 214
25 2004
26 1091
27 716
28 2033
29 1320
30 1176
31 1708
32 1912
33 39
34 867
35 1342
36 887
37 306
38 1731
39 513
40 755
41 348
42 652
43 1853
44 1116
45 393
46 1068
47 541
48 1530
49 1471
50 1662
51 2046
52 711
53 1909
54 1168
55 1577
56 462
57 416
58 145
59 928
60 173
61 1366
62 22
63 2018
64 1874
65 104
66 1261
67 1604
68 900
69 578
70 1218
71 757
72 828
73 1456
74 1917
75 1336
76 1434
77 1508
78 1566
79 69
80 1529
81 2045
82 38
83 153
84 1123
85 701
86 1288
87 731
88 335
89 1631
90 912
91 13
92 479
93 572
94 1940
95 1236
96 1399
97 1348
98 640
99 1171
100 392
101 1900
102 1590
103 1990
104 2028
105 687
106 1739
107 1102
108 714
109 281
110 1122
111 615
112 797
113 1527
114 50
115 371
116 1448
117 2048
118 1476
119 1170
120 1868
121 1042
122 1719
123 1654
124 984
125 1192
126 963
127 882
128 17
129 404
130 1273
131 298
132 346
133 1963
134 186
135 440
136 557
137 614
138 2032
139 1926
140 1783
141 1851
142 1989
143 777
144 1522
145 1594
146 1760
147 525
148 738
149 675
150 1619
151 843
152 989
153 1189
154 80
155 191
156 242
157 376
158 609
159 932
160 1223
161 398
162 957
163 339
164 1734
165 1933
166 1446
167 764
168 1546
169 1035
170 472
171 552
172 1845
173 741
174 1154
175 1673
176 999
177 1396
178 1285
179 1259
180 368
181 119
182 193
183 1203
184 1419
185 906
186 1593
187 1568
188 1958
189 258
190 65
191 651
192 816
193 1082
194 783
195 27
196 1753
197 1477
198 531
199 511
200 595
201 1713
202 1140
203 285
204 571
205 109
206 1878
207 1032
208 1676
209 1787
210 1289
211 390
212 2025
213 665
214 410
215 744
216 1507
217 896
218 935
219 1850
220 968
221 482
222 333
223 1479
224 1076
225 1247
226 1144
227 168
228 1532
229 1714
230 276
231 1361
232 697
233 1951
234 1099
235 1986
236 1644
237 508
238 105
239 1624
240 917
241 1585
242 320
243 60
244 1043
245 1832
246 956
247 1924
248 412
249 1488
250 1165
251 648
252 2008
253 811
254 748
255 1429
256 604
257 237
258 141
259 556
260 864
261 1113
262 1972
263 1695
264 1525
265 1890
266 1000
267 964
268 1449
269 1653
270 1562
271 452
272 1613
273 324
274 624
275 1072
276 1732
277 1867
278 476
279 814
280 942
281 67
282 589
283 1591
284 507
285 754
286 1765
287 1378
288 1898
289 885
290 131
291 1501
292 1997
293 1976
294 314
295 1256
296 1017
297 1844
298 560
299 9
300 1066
301 95
302 734
303 826
304 1623
305 1652
306 1339
307 672
308 1556
309 486
310 700
311 413
312 250
313 1155
314 221
315 1266
316 585
317 1826
318 1400
319 139
320 1724
321 937
322 872
323 512
324 311
325 1127
326 1605
327 347
328 2031
329 1746
330 682
331 1045
332 1294
333 1916
334 1179
335 289
336 1773
337 959
338 21
339 735
340 1460
341 532
342 1564
343 124
344 808
345 471
346 1711
347 1212
348 178
349 1118
350 772
351 985
352 869
353 1258
354 1675
355 342
356 1538
357 1062
358 362
359 224
360 893
361 2037
362 1392
363 1862
364 1509
365 200
366 1318
367 1650
368 409
369 255
370 1829
371 1226
372 122
373 1475
374 483
375 1699
376 713
377 919
378 554
379 76
380 1249
381 786
382 851
383 41
384 1040
385 1421
386 352
387 1202
388 290
389 1340
390 1764
391 1579
392 1806
393 244
394 1133
395 946
396 1687
397 709
398 180
399 622
400 1243
401 1496
402 678
403 870
404 729
405 911
406 101
407 1263
408 1303
409 1552
410 147
411 577
412 1726
413 1969
414 1468
415 1107
416 1575
417 37
418 770
419 2007
420 1698
421 953
422 456
423 308
424 694
425 1006
426 1225
427 64
428 1086
429 1350
430 1856
431 1389
432 1814
433 1733
434 1981
435 594
436 1253
437 284
438 1177
439 625
440 1300
441 1692
442 504
443 1945
444 42
445 1047
446 1111
447 1490
448 118
449 994
450 447
451 760
452 1439
453 1353
454 1215
455 1637
456 344
457 1268
458 825
459 469
460 1592
461 1023
462 1835
463 1461
464 30
465 63
466 264
467 1174
468 1754
469 1317
470 1871
471 114
472 720
473 1362
474 1672
475 582
476 1101
477 1207
478 1636
479 1139
480 406
481 669
482 1235
483 326
484 375
485 503
486 1911
487 197
488 765
489 1558
490 2027
491 91
492 718
493 955
494 542
495 1267
496 1944
497 1884
498 270
499 466
500 1991
501 865
502 930
503 791
504 1696
505 909
506 1626
507 608
508 1502
509 1149
510 149
511 323
512 717
513 505
514 1597
515 1390
516 14
517 1248
518 1762
519 688
520 123
521 1553
522 642
523 261
524 434
525 1432
526 1956
527 1343
528 920
529 1693
530 374
531 793
532 725
533 1510
534 1737
535 51
536 1093
537 1661
538 1778
539 1852
540 2014
541 238
542 1804
543 1921
544 1580
545 841
546 485
547 97
548 1278
549 821
550 3
551 1246
552 1453
553 1641
554 291
555 438
556 660
557 143
558 1357
559 787
560 2029
561 1126
562 1548
563 354
564 417
565 1873
566 33
567 1589
568 1665
569 993
570 1955
571 1849
572 836
573 380
574 1280
575 487
576 467
577 1480
578 908
579 1610
580 201
581 233
582 1199
583 144
584 1021
585 1992
586 1441
587 756
588 181
589 1364
590 596
591 681
592 1946
593 1514
594 1325
595 35
596 1417
597 1889
598 1492
599 862
600 254
601 56
602 1616
603 128
604 939
605 1586
606 837
607 639
608 1180
609 1112
610 982
611 84
612 1016
613 1718
614 1971
615 8
616 1540
617 494
618 1433
619 1308
620 1242
621 222
622 1947
623 1800
624 2017
625 1081
626 1914
627 881
628 1608
629 1406
630 1677
631 1329
632 1061
633 359
634 1195
635 454
636 1775
637 321
638 649
639 1137
640 514
641 579
642 208
643 72
644 1373
645 431
646 174
647 973
648 690
649 1904
650 1646
651 1815
652 904
653 1018
654 1515
655 2038
656 364
657 599
658 1178
659 256
660 1457
661 102
662 1121
663 1071
664 151
665 7
666 1993
667 510
668 943
669 847
670 1891
671 1298
672 788
673 418
674 1670
675 1846
676 1790
677 1425
678 1020
679 897
680 1157
681 312
682 630
683 2030
684 1822
685 1560
686 562
687 280
688 1044
689 44
690 171
691 1596
692 1975
693 1104
694 444
695 213
696 737
697 845
698 593
699 1694
700 1638
701 470
702 1865
703 1295
704 1936
705 1466
706 2019
707 1013
708 1075
709 1819
710 165
711 81
712 901
713 823
714 646
715 302
716 395
717 211
718 1430
719 1036
720 1327
721 1785
722 1979
723 132
724 241
725 1701
726 1175
727 509
728 1257
729 1948
730 2023
731 766
732 106
733 70
734 448
735 888
736 685
737 1923
738 1451
739 1427
740 726
741 1818
742 1382
743 1770
744 535
745 1840
746 1706
747 498
748 474
749 1473
750 166
751 1669
752 100
753 1029
754 1744
755 405
756 1358
757 914
758 583
759 879
760 2036
761 228
762 439
763 1338
764 801
765 1052
766 1314
767 858
768 751
769 522
770 990
771 703
772 499
773 1906
774 1103
775 951
776 1984
777 1752
778 1678
779 1539
780 927
781 274
782 612
783 103
784 179
785 1129
786 1938
787 833
788 1028
789 445
790 1658
791 1292
792 1228
793 774
794 1386
795 1595
796 1632
797 1051
798 1697
799 894
800 310
801 232
802 1767
803 53
804 696
805 1803
806 602
807 187
808 1561
809 340
810 370
811 160
812 980
813 922
814 1743
815 654
816 1886
817 407
818 1120
819 1988
820 1493
821 1704
822 1403
823 1967
824 217
825 573
826 1049
827 1424
828 1612
829 338
830 2039
831 883
832 1581
833 1083
834 437
835 497
836 653
837 1834
838 1379
839 1919
840 712
841 1645
842 844
843 1276
844 809
845 248
846 283
847 1549
848 1716
849 154
850 905
851 336
852 1415
853 2002
854 108
855 1204
856 1751
857 59
858 1153
859 307
860 564
861 399
862 1807
863 947
864 1026
865 420
866 1119
867 539
868 2026
869 1241
870 1729
871 1932
872 803
873 839
874 1095
875 1520
876 1828
877 1319
878 1436
879 1297
880 628
881 1709
882 977
883 1780
884 269
885 575
886 1365
887 1395
888 762
889 478
890 728
891 389
892 1980
893 600
894 1870
895 1467
896 239
897 1601
898 2
899 849
900 1092
901 871
902 1939
903 534
904 272
905 1064
906 671
907 1759
908 82
909 1326
910 1627
911 126
912 443
913 385
914 782
915 1857
916 1703
917 1545
918 1346
919 322
920 1385
921 1569
922 206
923 1409
924 2012
925 1962
926 46
927 1239
928 16
929 73
930 707
931 2035
932 1307
933 1142
934 461
935 586
936 863
937 1934
938 1908
939 551
940 1098
941 934
942 414
943 1025
944 1795
945 1512
946 1172
947 265
948 130
949 1388
950 832
951 1452
952 1690
953 637
954 170
955 62
956 1055
957 1306
958 207
959 369
960 441
961 1983
962 1625
963 1772
964 484
965 812
966 2020
967 597
968 708
969 99
970 1211
971 305
972 1899
973 146
974 1410
975 530
976 1027
977 18
978 1380
979 40
980 878
981 1250
982 1270
983 172
984 781
985 1745
986 975
987 662
988 584
989 1146
990 1442
991 638
992 1169
993 1206
994 331
995 430
996 1551
997 117
998 924
999 997
1000 391
1001 1231
1002 1376
1003 533
1004 1251
1005 93
1006 215
1007 1794
1008 48
1009 1138
1010 1110
1011 183
1012 1896
1013 1489
1014 1667
1015 974
1016 1702
1017 1405
1018 574
1019 1825
1020 727
1021 489
1022 356
1023 1004
1024 113
1025 1210
1026 450
1027 1447
1028 408
1029 598
1030 1245
1031 1607
1032 1741
1033 1500
1034 1931
1035 1274
1036 1046
1037 892
1038 969
1039 1866
1040 5
1041 715
1042 1811
1043 1312
1044 365
1045 938
1046 838
1047 459
1048 1416
1049 664
1050 1630
1051 643
1052 519
1053 859
1054 1356
1055 802
1056 1725
1057 1682
1058 210
1059 1181
1060 763
1061 998
1062 1817
1063 1282
1064 1756
1065 590
1066 1937
1067 427
1068 1903
1069 667
1070 1841
1071 334
1072 4
1073 1444
1074 26
1075 1024
1076 1161
1077 1587
1078 1412
1079 301
1080 1957
1081 156
1082 850
1083 1503
1084 520
1085 546
1086 1369
1087 1131
1088 1053
1089 591
1090 433
1091 1880
1092 133
1093 216
1094 1233
1095 184
1096 1717
1097 1255
1098 776
1099 1073
1100 929
1101 1534
1102 1982
1103 1504
1104 962
1105 536
1106 1671
1107 877
1108 2034
1109 733
1110 382
1111 907
1112 1812
1113 1750
1114 1397
1115 121
1116 704
1117 148
1118 1186
1119 1918
1120 1063
1121 293
1122 1352
1123 856
1124 616
1125 1322
1126 230
1127 778
1128 1642
1129 983
1130 636
1131 1620
1132 453
1133 1265
1134 49
1135 396
1136 1893
1137 1798
1138 198
1139 268
1140 1497
1141 913
1142 1152
1143 2040
1144 294
1145 743
1146 330
1147 1391
1148 680
1149 1537
1150 641
1151 933
1152 1768
1153 155
1154 1966
1155 402
1156 61
1157 972
1158 806
1159 846
1160 1647
1161 1723
1162 568
1163 1038
1164 1351
1165 442
1166 304
1167 903
1168 705
1169 1823
1170 544
1171 1375
1172 674
1173 1994
1174 746
1175 1535
1176 1848
1177 337
1178 779
1179 1474
1180 1454
1181 1757
1182 1254
1183 1781
1184 1710
1185 868
1186 1968
1187 58
1188 1555
1189 1656
1190 465
1191 92
1192 1078
1193 1316
1194 1010
1195 262
1196 1521
1197 721
1198 367
1199 1922
1200 627
1201 1582
1202 686
1203 936
1204 1198
1205 194
1206 819
1207 328
1208 1370
1209 775
1210 898
1211 1614
1212 1830
1213 1069
1214 490
1215 1495
1216 1264
1217 1094
1218 1420
1219 607
1220 1640
1221 2043
1222 1888
1223 952
1224 57
1225 167
1226 1332
1227 2013
1228 411
1229 363
1230 202
1231 1736
1232 1360
1233 1970
1234 795
1235 1680
1236 1310
1237 1232
1238 1611
1239 1039
1240 1649
1241 613
1242 815
1243 1872
1244 1184
1245 1105
1246 325
1247 1077
1248 25
1249 491
1250 1487
1251 889
1252 650
1253 689
1254 1132
1255 1463
1256 292
1257 1407
1258 1843
1259 373
1260 1954
1261 1684
1262 768
1263 1244
1264 212
1265 176
1266 1715
1267 1057
1268 1516
1269 446
1270 621
1271 1330
1272 1869
1273 234
1274 1758
1275 1809
1276 1635
1277 644
1278 1664
1279 1557
1280 1088
1281 136
1282 475
1283 282
1284 6
1285 1005
1286 1925
1287 1599
1288 1398
1289 74
1290 767
1291 1839
1292 1145
1293 1367
1294 1205
1295 1115
1296 555
1297 1230
1298 740
1299 1643
1300 403
1301 967
1302 2021
1303 848
1304 1621
1305 521
1306 275
1307 626
1308 350
1309 309
1310 1315
1311 1513
1312 691
1313 1074
1314 798
1315 1915
1316 1542
1317 1450
1318 1858
1319 818
1320 488
1321 1769
1322 1187
1323 1262
1324 1148
1325 2024
1326 549
1327 1381
1328 1793
1329 657
1330 460
1331 948
1332 87
1333 1234
1334 1721
1335 34
1336 2047
1337 1679
1338 1928
1339 218
1340 428
1341 1749
1342 1528
1343 1411
1344 1194
1345 1108
1346 303
1347 588
1348 1383
1349 1996
1350 971
1351 1892
1352 500
1353 247
1354 683
1355 633
1356 1469
1357 1034
1358 94
1359 188
1360 473
1361 559
1362 125
1363 830
1364 857
1365 747
1366 1163
1367 1533
1368 43
1369 1950
1370 538
1371 401
1372 1368
1373 923
1374 1269
1375 949
1376 1763
1377 991
1378 1691
1379 2022
1380 11
1381 432
1382 137
1383 1240
1384 1628
1385 753
1386 601
1387 629
1388 115
1389 1484
1390 2001
1391 1324
1392 1784
1393 866
1394 1576
1395 90
1396 1196
1397 295
1398 1531
1399 492
1400 1907
1401 1220
1402 1462
1403 780
1404 1609
1405 1291
1406 204
1407 1080
1408 1554
1409 706
1410 1437
1411 831
1412 1740
1413 1877
1414 2015
1415 668
1416 523
1417 1506
1418 742
1419 890
1420 20
1421 611
1422 245
1423 1349
1424 386
1425 1224
1426 945
1427 1166
1428 1371
1429 1485
1430 1402
1431 1633
1432 196
1433 979
1434 1313
1435 349
1436 1059
1437 1571
1438 1003
1439 1797
1440 840
1441 468
1442 1824
1443 1961
1444 424
1445 661
1446 547
1447 805
1448 1544
1449 915
1450 502
1451 36
1452 1394
1453 1666
1454 1883
1455 1097
1456 1598
1457 944
1458 1191
1459 159
1460 1730
1461 758
1462 387
1463 463
1464 1117
1465 995
1466 1688
1467 277
1468 1960
1469 15
1470 1838
1471 860
1472 252
1473 724
1474 820
1475 1786
1476 619
1477 926
1478 1905
1479 1438
1480 1570
1481 1622
1482 1885
1483 1214
1484 1408
1485 1030
1486 2005
1487 966
1488 85
1489 361
1490 1742
1491 327
1492 677
1493 1481
1494 1114
1495 567
1496 1861
1497 1700
1498 28
1499 1820
1500 458
1501 925
1502 1162
1503 722
1504 287
1505 226
1506 162
1507 1543
1508 813
1509 1331
1510 1193
1511 1792
1512 970
1513 195
1514 884
1515 1299
1516 481
1517 515
1518 1465
1519 1727
1520 592
1521 658
1522 745
1523 1895
1524 679
1525 1363
1526 425
1527 1216
1528 1009
1529 910
1530 259
1531 384
1532 1827
1533 1048
1534 987
1535 332
1536 1999
1537 524
1538 1281
1539 854
1540 1335
1541 565
1542 960
1543 1089
1544 749
1545 1855
1546 1897
1547 1584
1548 1952
1549 916
1550 12
1551 177
1552 1464
1553 710
1554 1821
1555 1748
1556 240
1557 771
1558 1182
1559 205
1560 1275
1561 1491
1562 1321
1563 1345
1564 810
1565 958
1566 1523
1567 286
1568 1930
1569 1705
1570 1150
1571 2042
1572 1377
1573 1079
1574 423
1575 1574
1576 517
1577 1296
1578 135
1579 88
1580 383
1581 1209
1582 175
1583 1683
1584 1657
1585 1458
1586 1796
1587 1001
1588 455
1589 1606
1590 852
1591 732
1592 1953
1593 1902
1594 1134
1595 543
1596 1629
1597 632
1598 1486
1599 1565
1600 429
1601 940
1602 2016
1603 610
1604 1755
1605 1431
1606 1842
1607 1201
1608 190
1609 506
1610 976
1611 1813
1612 1882
1613 477
1614 299
1615 750
1616 693
1617 1287
1618 1067
1619 548
1620 98
1621 1720
1622 120
1623 1158
1624 1372
1625 1518
1626 229
1627 357
1628 1985
1629 874
1630 2010
1631 1761
1632 279
1633 169
1634 52
1635 313
1636 1810
1637 1859
1638 842
1639 692
1640 761
1641 1426
1642 1084
1643 1279
1644 209
1645 1651
1646 2044
1647 1393
1648 1728
1649 415
1650 1541
1651 116
1652 739
1653 1359
1654 246
1655 921
1656 1159
1657 891
1658 1583
1659 1494
1660 1833
1661 1876
1662 2000
1663 1056
1664 1791
1665 45
1666 526
1667 388
1668 1085
1669 267
1670 1615
1671 1941
1672 773
1673 1519
1674 1238
1675 1284
1676 341
1677 965
1678 1
1679 1031
1680 129
1681 1572
1682 1156
1683 895
1684 1686
1685 1323
1686 986
1687 1774
1688 1260
1689 1964
1690 1124
1691 587
1692 220
1693 1058
1694 457
1695 77
1696 1913
1697 161
1698 394
1699 1470
1700 618
1701 1100
1702 435
1703 540
1704 1283
1705 1816
1706 1864
1707 1689
1708 47
1709 1505
1710 1435
1711 2009
1712 796
1713 23
1714 316
1715 1337
1716 759
1717 902
1718 1304
1719 822
1720 659
1721 271
1722 1639
1723 231
1724 1183
1725 1943
1726 1050
1727 553
1728 495
1729 1128
1730 112
1731 1219
1732 516
1733 138
1734 1712
1735 950
1736 1483
1737 1799
1738 1526
1739 1618
1740 666
1741 875
1742 1995
1743 1344
1744 358
1745 54
1746 1309
1747 1901
1748 79
1749 296
1750 561
1751 1735
1752 422
1753 257
1754 1766
1755 1659
1756 634
1757 606
1758 2041
1759 1801
1760 1012
1761 1037
1762 1217
1763 227
1764 1455
1765 496
1766 140
1767 1293
1768 527
1769 931
1770 192
1771 566
1772 345
1773 451
1774 873
1775 992
1776 1413
1777 2011
1778 1096
1779 1143
1780 1167
1781 1776
1782 1603
1783 835
1784 1065
1785 1808
1786 89
1787 1634
1788 529
1789 480
1790 1747
1791 317
1792 134
1793 10
1794 1854
1795 1213
1796 645
1797 961
1798 1998
1799 32
1800 1301
1801 752
1802 1277
1803 1033
1804 1341
1805 698
1806 378
1807 673
1808 1935
1809 1422
1810 799
1811 1384
1812 1511
1813 1875
1814 1070
1815 1788
1816 152
1817 223
1818 635
1819 83
1820 243
1821 730
1822 1472
1823 996
1824 824
1825 1547
1826 1722
1827 1272
1828 684
1829 360
1830 537
1831 1252
1832 1428
1833 1588
1834 1347
1835 185
1836 1305
1837 1927
1838 111
1839 1881
1840 381
1841 142
1842 853
1843 68
1844 329
1845 1567
1846 1860
1847 493
1848 1002
1849 163
1850 719
1851 804
1852 1227
1853 1197
1854 249
1855 620
1856 1311
1857 288
1858 1602
1859 784
1860 886
1861 1445
1862 1141
1863 1681
1864 918
1865 1517
1866 397
1867 78
1868 1863
1869 569
1870 1423
1871 518
1872 702
1873 663
1874 978
1875 1910
1876 1208
1877 617
1878 1942
1879 1987
1880 266
1881 1573
1882 29
1883 1007
1884 827
1885 1805
1886 297
1887 545
1888 1668
1889 86
1890 789
1891 1499
1892 576
1893 1707
1894 1090
1895 66
1896 355
1897 880
1898 1836
1899 318
1900 189
1901 676
1902 501
1903 426
1904 1151
1905 988
1906 1418
1907 127
1908 623
1909 1188
1910 1959
1911 1779
1912 1738
1913 24
1914 164
1915 273
1916 800
1917 1334
1918 834
1919 351
1920 1617
1921 1374
1922 1498
1923 1008
1924 1302
1925 1478
1926 1831
1927 1125
1928 1524
1929 1414
1930 528
1931 1160
1932 558
1933 876
1934 1578
1935 377
1936 581
1937 1333
1938 2006
1939 219
1940 1087
1941 1185
1942 253
1943 150
1944 1222
1945 1660
1946 899
1947 807
1948 1060
1949 785
1950 1401
1951 343
1952 419
1953 1879
1954 699
1955 631
1956 110
1957 941
1958 563
1959 464
1960 1789
1961 1286
1962 1011
1963 1355
1964 1847
1965 1237
1966 1147
1967 71
1968 1106
1969 1550
1970 263
1971 790
1972 817
1973 1482
1974 366
1975 1685
1976 1041
1977 1328
1978 203
1979 19
1980 1663
1981 157
1982 96
1983 655
1984 1173
1985 1894
1986 1014
1987 580
1988 1600
1989 981
1990 1949
1991 278
1992 792
1993 1563
1994 1782
1995 1973
1996 372
1997 829
1998 1109
1999 319
2000 236
2001 1920
2002 2003
2003 400
2004 1459
2005 1655
2006 436
2007 550
2008 647
2009 605
2010 855
2011 199
2012 670
2013 1221
2014 1164
2015 1559
2016 1015
2017 1977
2018 1130
2019 107
2020 954
2021 1771
2022 1929
2023 315
2024 235
2025 1200
2026 570
2027 1648
2028 723
2029 769
2030 1404
2031 260
2032 1802
2033 182
2034 353
2035 656
2036 1354
2037 1271
2038 1440
2039 1978
2040 794
2041 75
2042 1022
2043 1229
2044 225
2045 1190
2046 1887
2047 1777
2048 1135
